#bin	name	chrom	strand	txStart	txEnd	cdsStart	cdsEnd	exonCount	exonStarts	exonEnds	score	name2	cdsStartStat	cdsEndStat	exonFrames
114	NM_007298.3	chr17	-	43044294	43124115	43045677	43124096	22	43044294,43047642,43049120,43051062,43057051,43063332,43063873,43067607,43070927,43074330,43076487,43082403,43090943,43094743,43095845,43097243,43099774,43104121,43104867,43106455,43115725,43124016,	43045802,43047703,43049194,43051117,43057135,43063373,43063951,43067695,43071238,43074521,43076611,43082575,43091032,43094860,43095922,43097289,43099880,43104261,43104956,43106533,43115779,43124115,	0	BRCA1	cmpl	cmpl	1,0,1,0,0,1,1,0,1,2,1,0,1,1,2,1,0,1,2,2,2,0,
114	NR_027676.1	chr17	-	43044294	43125323	43125323	43125323	23	43044294,43047642,43049120,43051062,43057051,43063332,43063873,43067607,43070927,43074330,43076487,43082403,43090943,43091434,43095845,43097243,43099774,43104121,43104867,43106477,43115725,43124016,43125181,	43045802,43047703,43049194,43051117,43057135,43063373,43063951,43067695,43071238,43074521,43076614,43082575,43091032,43094860,43095922,43097289,43099877,43104261,43104956,43106533,43115779,43124115,43125323,	0	BRCA1	none	none	-1,-1,-1,-1,-1,-1,-1,-1,-1,-1,-1,-1,-1,-1,-1,-1,-1,-1,-1,-1,-1,-1,-1,
114	NM_007299.3	chr17	-	43044294	43125451	43045783	43124096	22	43044294,43047642,43051062,43057051,43063332,43063873,43067607,43070927,43074330,43076487,43082403,43090943,43094743,43095845,43097243,43099774,43104121,43104867,43106455,43115725,43124016,43125276,	43045802,43047703,43051117,43057135,43063373,43063951,43067695,43071238,43074521,43076611,43082575,43091032,43094860,43095922,43097289,43099880,43104261,43104956,43106533,43115779,43124115,43125451,	0	BRCA1	cmpl	cmpl	2,1,0,0,1,1,0,1,2,1,0,1,1,2,1,0,1,2,2,2,0,-1,
114	NM_007297.3	chr17	-	43044294	43125451	43045677	43106526	22	43044294,43047642,43049120,43051062,43057051,43063332,43063873,43067607,43070927,43074330,43076487,43082403,43090943,43091434,43095845,43097243,43099774,43104121,43104867,43106455,43124016,43125276,	43045802,43047703,43049194,43051117,43057135,43063373,43063951,43067695,43071238,43074521,43076614,43082575,43091032,43094860,43095922,43097289,43099880,43104261,43104956,43106533,43124115,43125451,	0	BRCA1	cmpl	cmpl	1,0,1,0,0,1,1,0,1,2,1,0,1,1,2,1,0,1,2,0,-1,-1,
114	NM_007300.3	chr17	-	43044294	43125483	43045677	43124096	24	43044294,43047642,43049120,43051062,43057051,43063332,43063873,43067607,43070927,43074330,43076487,43079333,43082403,43090943,43091434,43095845,43097243,43099774,43104121,43104867,43106455,43115725,43124016,43125270,	43045802,43047703,43049194,43051117,43057135,43063373,43063951,43067695,43071238,43074521,43076611,43079399,43082575,43091032,43094860,43095922,43097289,43099880,43104261,43104956,43106533,43115779,43124115,43125483,	0	BRCA1	cmpl	cmpl	1,0,1,0,0,1,1,0,1,2,1,1,0,1,1,2,1,0,1,2,2,2,0,-1,
114	NM_007294.3	chr17	-	43044294	43125483	43045677	43124096	23	43044294,43047642,43049120,43051062,43057051,43063332,43063873,43067607,43070927,43074330,43076487,43082403,43090943,43091434,43095845,43097243,43099774,43104121,43104867,43106455,43115725,43124016,43125270,	43045802,43047703,43049194,43051117,43057135,43063373,43063951,43067695,43071238,43074521,43076614,43082575,43091032,43094860,43095922,43097289,43099880,43104261,43104956,43106533,43115779,43124115,43125483,	0	BRCA1	cmpl	cmpl	1,0,1,0,0,1,1,0,1,2,1,0,1,1,2,1,0,1,2,2,2,0,-1,
914	NR_003108.1	chr17	+	43125582	43145113	43145113	43145113	5	43125582,43131207,43138656,43139815,43144727,	43125770,43131270,43138922,43140283,43145113,	0	NBR2	none	none	-1,-1,-1,-1,-1,
914	NR_110868.1	chr17	-	43148365	43170403	43170403	43170403	2	43148365,43170125,	43148783,43170403,	0	LOC101929767	none	none	-1,-1,
914	XR_001752892.1	chr17	-	43166244	43171067	43171067	43171067	3	43166244,43170415,43170880,	43167849,43170519,43171067,	0	LOC107985003	none	none	-1,-1,-1,
