7361
1718
6022
7554
3146
5131
3536
4699
4700
6259
4152
1686
2007
2318
2379
2421
2482
3144
2797
2852
2874
3145
3577
3889
4392
5094
5519
5553
6219
6406
6432
7062
7272
7307
592
6624
7063
5709
6441
1517
635
408
3185
1
1592
2284
2478
2541
3066
3404
3405
3858
3927
4537
4550
4626
4674
5972
6357
7356
4649
6916
3703
5430
4393
609
1312
2627
6409
6865
6870
6869
6863
6871
3639
6596
6823
4492
4496
6792
6755
5265
3332
587
6046
6047
6048
7549
7550
3907
3197
3280
4263
6291
6292
3279
5406
5636
1947
3640
3557
6009
5368
3928
891
1935
1944
2631
2632
3607
3883
4848
5107
5830
6233
6788
123
1811
3245
3331
4355
4914
5085
6595
6747
6778
6849
5681
5147
998
821
1533
3929
3930
6688
4900
452
2
791
3125
3126
5236
5486
2619
5639
453
367
51
1068
2522
3931
4823
3127
638
636
549
548
521
297
1052
911
249
1037
131
130
129
128
127
126
125
124
54
53
52
1064
1834
1833
861
1093
1612
1123
1149
1500
1238
1267
1351
1932
2067
2194
2195
2633
2634
3156
3128
3129
3134
3133
3131
3130
3132
3254
3259
3260
3312
3318
3323
3490
3560
3563
3802
3932
4226
4418
4474
4541
4605
4670
4693
4695
4808
4809
4832
4846
4885
4901
4925
4940
4946
5105
5122
5138
5266
5271
5322
5357
5395
5774
6049
6243
6255
6594
7100
7383
7615
7616
7706
4270
6641
2858
1348
1717
2486
6445
6759
7306
7465
2604
3231
3547
5659
5907
5921
6286
6500
7273
7360
7635
7699
7713
945
1748
1980
2381
2444
2637
2980
3482
4448
4454
5375
6426
7304
7555
7687
7710
4337
5861
4853
6686
7367
5914
4715
4347
1909
6877
6866
7220
5276
2108
5431
6053
6712
4468
5688
601
6505
2806
2636
6813
4250
360
2887
1681
1416
1643
2888
2256
2257
2258
2287
2418
2849
3240
3269
3666
3716
3766
4068
4144
4510
4684
4893
4974
4987
5169
5209
5533
5604
5618
5742
5862
5945
6017
6054
6055
6056
6313
6598
6794
6914
7451
3902
1059
4186
1701
4952
4539
250
3162
4913
6266
7503
4779
3702
1150
2426
4370
4450
4473
4761
4834
5165
5172
5196
5385
5740
5741
5939
6057
6058
6059
6725
7504
2408
5452
5504
5912
6245
7499
4351
1945
2548
3515
3605
3606
4371
5428
5868
6283
6738
7705
5404
5587
6751
7277
480
6620
4159
4353
3406
5005
134
933
1372
4286
4287
5151
5194
5388
5570
6050
6051
6437
6599
6702
6764
6828
6841
6862
633
854
1022
3407
1970
409
136
135
1600
1604
2291
2635
3045
4329
4938
5613
5724
7077
4298
2899
2118
3333
4911
5243
6052
5555
5869
6289
6307
5671
5963
5562
3322
4675
6459
2609
3373
3378
2813
5435
6060
3403
6597
4585
2889
2261
2262
3334
6260
4915
4794
3222
6063
5922
7727
1776
1972
926
5937
6933
3255
5887
6923
523
55
960
4132
7234
455
387
138
1014
893
1531
1757
2104
2315
2331
3516
3564
3599
3682
3696
3725
3839
6061
6222
6224
6938
7389
723
1151
2119
2514
2558
2559
6390
2560
2561
7698
6910
2900
2121
3
3052
1017
857
1152
1268
3618
3622
5272
3258
481
1573
3186
298
999
910
3028
2902
5
4
724
1835
3053
1247
1269
1566
1623
2292
2013
2070
2124
2371
2377
2481
2568
2569
3392
3634
3951
4098
4133
4221
4690
4714
5052
5064
5110
5235
5299
5499
6566
6695
6811
6840
7213
3503
1545
1693
2570
3335
3585
4440
5314
5432
5612
524
483
482
427
424
368
1836
864
1153
1154
1155
1270
1611
1535
1910
1965
3059
3058
2037
2110
2125
2126
2328
2472
3061
3177
3391
3396
3713
3724
4691
4760
5726
5974
6062
7384
7387
7388
2128
540
2898
2901
1156
2129
2406
2877
3408
3760
4050
4288
4726
4772
5477
5657
4864
299
6
1760
1793
1948
1964
2833
2572
4475
5150
5698
7385
1013
2842
2204
5539
5870
6030
6310
6564
6830
6911
6912
6936
6937
6940
1837
3032
4806
7347
1840
6809
5100
5239
5833
2848
4983
251
1936
4892
7452
3171
5396
238
1839
2638
3246
3959
4145
4274
4314
4372
4998
5124
5205
5480
5686
5918
5946
6301
6520
6559
6600
6601
6602
6603
6679
6724
6756
6779
6817
6820
7453
7505
7656
7701
5354
1790
2263
7334
517
362
361
952
252
237
814
1838
1157
1158
1159
1248
1287
1347
1682
1791
2264
2266
2265
2356
2573
2574
2575
3141
3203
3808
3963
3977
3984
3998
4006
4010
4022
4023
4028
4043
4047
4048
4080
4093
4122
4139
4142
4143
4181
4231
4346
4403
4802
4942
4943
4981
4994
5020
5040
5066
5086
5096
5168
5283
5962
6252
6261
6528
6550
6587
6604
6605
6633
6651
6652
7102
7186
7197
7198
7248
7481
7488
7494
294
2354
3169
3302
3955
363
3500
3722
2640
5345
5953
6230
3800
3982
1841
2616
3896
646
1311
2350
2352
2353
2355
5101
5608
1520
541
300
1507
3505
2893
2639
3310
3943
3973
4625
5141
5144
5453
5700
6064
6279
6575
7335
3019
6398
7390
1973
2881
1842
1538
3042
3561
7140
6450
7080
2818
5095
6583
6526
978
2513
5838
6855
7657
7355
3843
5006
5088
5280
6832
1546
4211
4379
5181
5206
5811
7506
4373
4889
4096
5948
2641
4528
6530
6606
1843
2467
7662
4850
4876
5630
7392
1601
6487
1131
1330
3217
3410
3411
3412
4467
4729
4764
5279
5402
5772
5786
6043
6065
6066
6630
7495
7507
1288
141
1547
2471
3514
4803
4959
6380
5840
7391
3048
5410
5871
5089
1289
3336
6760
2903
6834
3409
3040
5888
7194
6067
3695
1979
3641
4570
7299
5795
1271
1747
2598
3148
6537
2339
6607
2267
2643
6734
6864
1666
3570
3647
5627
7373
6608
3178
2644
6704
6694
6706
7556
7557
7574
7560
7562
7570
7579
7580
7581
7583
7585
7587
7589
7591
7592
7594
7596
7597
7599
7600
7601
7604
1823
1468
1803
1815
1817
2642
3771
3765
3781
3792
3849
3908
3913
6069
6070
6609
3862
5496
6071
3179
6295
7370
7551
3180
1818
1821
1820
3181
3182
3901
3921
4296
4543
4563
6072
6073
6610
7559
7573
7566
7569
3764
3848
1518
6074
7371
7372
946
947
762
1844
1597
2072
2243
2337
2380
2500
2601
2608
2611
3024
3094
3233
3234
3249
3635
3933
3934
3935
3938
3939
3944
3948
3953
4009
4040
4078
4158
4192
4232
4362
4363
4377
4391
4419
4420
4452
4647
5203
5420
5919
5933
6013
6424
6428
6475
6532
6549
6774
6946
7238
7364
7375
1977
1983
2607
5549
6453
5864
6346
6805
5077
4868
1045
2271
2272
2304
3727
7564
2646
2647
5026
6611
3798
2398
3816
4597
5683
4855
4902
7563
5179
3874
6591
2066
2373
2614
4338
5551
7374
7725
5935
1073
5913
5240
1161
5561
7323
7342
5517
142
1496
6075
7327
6826
4741
5230
6926
5672
5708
6612
6382
6586
3569
5228
6076
6077
1335
3382
1407
4833
648
647
894
792
1845
1467
1723
2130
2131
2459
2645
3159
3413
3558
3628
3714
3787
3871
4239
4441
4799
4869
4997
5083
5372
5547
5943
6875
7223
5333
7271
4476
5571
1162
6386
3815
4598
7508
4052
1846
1897
985
2115
3170
4118
4975
3230
5112
5413
5597
1413
262
364
1777
2648
6025
4567
1804
3553
3877
1847
1134
2434
2440
2906
3545
4339
5377
6521
7565
2802
895
1125
1163
1417
2501
3166
3247
3608
4477
5007
7296
1828
2507
4558
3321
3337
3414
5259
6350
3586
3656
1574
143
934
698
796
1714
1769
1825
3026
2293
2423
2429
2432
2480
2512
2649
2650
2904
2905
3281
3292
3319
3838
3875
4123
4156
4268
4299
4311
4323
4358
4367
4378
4385
4408
4545
4652
4734
5157
5642
5650
5680
5684
5889
5890
5901
5949
5952
6031
6078
6079
6080
6514
6515
6876
6878
6947
7501
7509
5572
3338
5079
7066
4526
6752
239
1614
5872
6471
6557
5662
6082
4336
5653
6083
550
3210
3673
3844
5817
5823
6037
6418
2651
5542
6293
5349
3699
551
1164
2397
2445
3339
3544
4369
5343
5578
4335
5654
6081
57
2464
4523
5649
7704
1715
240
1580
5582
6395
6948
2907
5222
7454
4968
3784
3853
979
1848
4109
2652
973
7455
4183
5567
6371
5898
1543
2618
4858
1534
3683
6555
5176
3340
3415
4491
4622
5769
5788
6278
6407
6648
7497
6898
665
390
389
301
901
1466
2294
3301
3685
4059
4061
5061
5781
5797
6879
6949
7510
4153
6084
1659
3662
2495
5119
2807
6463
5964
2317
644
5609
2947
4374
1239
5225
4421
2099
667
484
1032
691
782
783
787
1341
1455
1700
1536
1617
1938
1946
2065
2370
2600
2653
3473
3047
3135
3136
3137
3300
3325
3341
3624
3679
4328
4394
5261
5284
5286
5635
5965
5966
6489
6735
6806
6854
6882
6924
6950
7434
7485
7689
3785
5436
4881
225
1038
3051
1165
1911
3756
6676
3518
3522
7642
2239
1008
2286
2240
3580
3704
3851
3992
4038
4177
7435
4877
4777
1242
3251
4506
1849
3342
144
4720
2388
3835
4906
7352
1567
2946
6281
6490
7376
7672
6033
7227
2041
6032
2024
7074
7301
1317
1532
1618
2657
3579
3980
5159
1613
5897
7147
3282
7312
1166
1421
1424
1812
1988
2132
2133
2468
2475
2655
2656
3163
3416
3526
3884
3914
4304
4487
4580
4609
4717
4723
4836
4934
4949
5148
5515
5556
5798
5980
6085
6086
6087
6088
6235
6375
6535
6579
6584
6719
6857
6884
6900
7276
7393
7394
7395
7640
5108
1053
456
1620
2192
2333
2537
2538
2945
3138
4842
6851
7136
666
1982
1987
2539
2654
4280
4364
5673
5954
6089
1167
6244
4898
1419
5748
594
591
1071
1851
1852
1853
2330
3418
3532
3719
3880
3952
3990
4202
4937
4976
5022
5554
5566
5617
5633
5916
5967
6027
6270
6322
6400
6422
6480
6619
6935
6951
7210
590
584
1548
4780
5968
781
7368
4227
1966
1724
2454
3417
3533
3651
4375
4485
4500
4908
4923
5491
5600
5754
6335
6789
7142
7694
669
988
994
1576
810
1577
1575
1472
1581
1582
1591
2273
2274
2275
1168
1000
2540
5182
1074
2085
425
1272
2010
6090
668
917
145
56
1645
1725
2542
3856
5018
5308
5437
5961
5976
5984
6348
6713
6942
6954
6955
7135
7614
867
4505
6621
1169
1368
2658
4457
5293
5360
5777
6674
6675
6953
3220
5285
1354
457
486
5735
1854
2369
2798
5602
147
6091
2531
2012
7221
7294
3597
5471
6952
1912
5923
6781
3343
1170
1461
2040
3525
3419
7673
1703
4782
4862
939
1094
1140
1171
2660
3204
3239
3655
4342
6305
6353
6391
6421
6446
6472
7128
7653
1991
302
1410
1956
4863
5344
7396
2865
4163
3572
3527
7274
4817
5677
6388
4085
2090
6697
525
2948
4867
2543
2544
6956
6410
552
5034
5661
6092
3420
6493
542
303
2545
3039
1635
7584
7666
789
4409
6381
7344
3398
5573
6223
7719
7397
6958
7118
7622
672
3267
4854
6494
2624
4659
7624
4955
670
671
902
793
1462
1726
1855
2134
2460
2659
3559
3629
3788
3872
4240
4800
4870
5370
7224
3344
2847
304
712
1095
2135
4131
4161
4162
4172
5249
6429
7293
7338
7398
7475
1172
1453
2193
5093
430
961
963
2405
3041
3297
4384
4988
5054
5067
5616
5706
6336
6351
610
148
1484
3470
3471
3566
3793
3967
4083
4102
4422
4444
6669
6957
7491
6093
1931
4215
5531
5970
6887
6960
7343
4712
2510
2662
7101
3345
1667
3161
5930
6403
7695
2136
5394
7680
1054
5232
4789
6890
5120
1542
2814
8
2950
4890
6373
6565
526
5568
7652
1173
3421
5217
7399
4075
5778
5873
6309
6491
5036
6722
7473
790
1174
2663
1055
1309
2664
149
5827
673
674
903
794
1463
1727
1856
2137
2138
2661
3422
3630
3789
3873
4241
4801
4871
5371
5944
7225
5319
7300
2461
2841
305
2546
3308
3653
4732
4873
5461
5874
6941
7511
2083
6959
1857
3397
4757
1175
1365
4742
5624
675
2534
6249
3539
1075
5472
3346
6324
1290
433
6556
4150
5563
1670
7154
2894
7093
7111
6094
3038
1943
5359
1273
4170
4887
6095
6656
7209
2949
6567
2198
2524
2525
3054
5819
150
5985
4831
3167
4630
5986
4522
3705
1048
3347
3648
4176
5189
5199
5621
1130
2414
3887
5253
5763
2376
2878
5537
5829
6413
1076
3055
1145
2547
5246
5483
1464
306
4666
308
307
1042
1308
1606
2297
2006
3056
2666
3057
4001
4056
4115
4120
4165
4230
4293
4637
4860
4954
4986
5053
7078
7285
4749
6365
151
4819
2897
1077
1176
2112
3423
3425
4743
5037
5466
5831
6412
6766
7400
4686
152
391
1465
6253
5987
3912
4835
153
458
831
4594
4829
5988
1378
1858
2409
5989
7401
7402
2838
2829
1913
2060
3224
3062
3065
3063
3064
3424
3427
4710
5041
5178
5312
5362
5381
5463
5598
6096
6097
6466
6511
6836
6962
7298
7351
7359
553
1782
2549
2955
3631
7318
1274
1275
1985
2139
2492
2669
3192
3278
3294
5277
6531
7620
434
393
9
3228
3348
4317
4319
4350
4465
4520
6784
4758
4872
4878
4930
4947
5167
5294
5316
5323
5379
5501
5664
5691
5779
6524
6775
6796
6964
7667
7700
6693
7070
7082
7085
7086
7087
7088
7089
7090
7091
7092
4272
1974
5391
3686
5336
6961
5361
1986
2850
6554
3349
1498
3513
7403
309
1177
1549
3350
3667
4064
4069
4086
4174
4792
5576
6634
6963
5783
2668
3684
5545
1178
2372
2550
2845
2954
4297
4442
5541
5588
6232
6320
6337
7072
3426
227
1639
5990
6234
6448
2551
2552
1002
2951
4410
5991
1602
1995
2553
5424
905
904
2799
1108
1112
1113
1587
1379
1437
1474
1475
5414
3587
5745
5803
5804
6896
7404
1376
1377
1380
1438
1473
1476
1729
2276
1291
2140
2141
2412
2612
2665
2876
3309
3313
4891
5340
5832
5992
6250
6402
6754
7310
7322
7405
7669
6683
4753
2808
4882
5350
6098
7151
4818
5678
6241
6387
1079
1078
3067
7137
7148
7648
7661
640
528
1336
1649
2034
2554
2667
2952
3022
3023
4169
4344
4464
4903
5010
5113
5215
5317
5438
5506
5875
6974
6975
7578
1984
7663
5042
2068
2142
6968
4681
5033
40
2436
2488
3428
5364
5665
6465
3253
2025
5175
6473
7377
7406
4619
6044
3968
4084
5055
7267
5031
2555
3794
6800
6853
6099
7645
3430
4245
2199
2393
2671
6246
2960
3046
4883
5351
4618
6456
7319
6761
3692
3615
5143
5802
5810
7407
7626
5785
6100
6275
918
154
971
59
58
974
1179
1276
2832
2268
2383
2494
2815
2959
3237
3429
4381
4456
4463
4601
4682
4910
4929
5030
5353
6366
6501
6506
6509
6516
6973
7097
7134
7241
1003
1001
3351
4804
2617
3720
4859
5824
5896
6334
5405
310
1859
2556
4654
5863
2622
2277
2278
2280
2279
2305
4880
6967
7346
1146
3431
6399
6415
6966
7328
7671
7679
2143
5776
4769
6101
2498
3936
4532
4705
5019
5273
5640
5936
60
676
713
1353
2425
2557
2958
3187
4256
4308
5128
6546
6721
6827
6976
7229
7408
5492
6374
6867
5560
5705
5744
4395
5631
5799
6102
1539
4368
3270
4090
4251
959
1010
1250
1993
2144
2819
3188
3352
3701
4179
4222
4423
4490
5062
5204
6667
2957
5674
7288
7409
7474
2389
529
1929
1822
1860
2670
3960
4146
4277
4318
4535
5358
5478
5502
6965
6970
6971
6972
7410
7516
4217
155
7411
156
876
1321
1615
2402
2628
2857
2956
3432
3521
3524
3623
3999
4117
4200
4525
4577
4692
4748
4841
4922
4985
5226
5866
6107
6327
6848
7181
6419
6902
7412
1456
1292
1080
1454
1690
1692
6765
2306
5760
5805
6349
4094
3671
4493
3866
1058
50
986
1004
683
685
823
824
3172
1650
1705
1730
1758
1759
1778
1898
1899
1976
2145
2147
2146
2400
2672
2673
2678
2679
2676
2675
2674
2983
2984
2986
2987
2988
2985
3183
3184
3646
3879
3893
4014
4027
4041
4082
4184
4292
4411
4424
4552
4584
4719
4733
5415
5439
5834
5876
6011
6103
6104
6105
6614
6647
6670
6969
6977
6978
7512
7682
1702
1731
2532
3068
3394
3433
4376
4909
4924
5601
5339
5390
7413
2853
5139
6106
2529
1459
2562
5356
6454
5993
61
1082
1180
3069
3305
5409
5532
7120
7282
2295
1181
1646
1732
940
1460
2982
5223
7244
7414
311
1083
1608
4209
4912
5270
5815
5826
6108
157
1100
2844
1550
1685
2081
2401
2620
3070
3296
3954
3966
4214
5070
5164
5509
5715
5789
5835
6015
1182
4773
6462
3614
1021
1861
3262
3353
3947
3950
4020
4035
4036
4114
4127
4178
4196
4223
4235
5065
6109
6672
991
1381
1382
1435
1436
2281
2282
2283
3549
3621
3949
4002
5171
5687
7660
600
3434
7348
435
2563
825
5216
2346
4224
7513
925
2148
2989
3257
3994
5738
7514
3030
884
2828
2681
6379
6477
6547
1084
554
1568
2349
2493
3657
4103
4412
4470
4668
5369
5675
5722
6443
7316
7677
5309
6110
1733
2564
3983
5813
785
2014
4354
4756
5941
6442
7638
3435
3537
4366
1251
394
1183
2886
3690
4092
4413
4624
5932
6464
6548
6979
7096
6111
71
5915
645
1184
1422
1425
1813
1989
2149
2150
2340
2469
2476
2685
3164
3252
3436
3885
3915
4004
4207
4305
4488
4581
4610
4718
4724
4837
4935
4950
5109
5149
5289
5292
5295
5296
5298
5301
5310
5326
5363
5513
5527
5557
5981
6112
6113
6114
6115
6236
6376
6536
6696
6856
6885
6901
7415
7416
7471
7641
7688
7692
6580
6585
1939
5836
4236
2990
4746
1065
1706
2385
2565
3658
3659
4677
6797
6793
2151
4884
5352
2682
6227
1319
5837
2680
4285
1031
5104
530
6777
7417
855
2431
5238
5305
5454
5755
2200
5960
2566
5184
6116
6392
1085
6578
6117
2567
4811
2201
2683
6358
4313
6369
2091
2686
4825
5800
3354
3610
2992
1185
4977
7418
7655
2995
1086
3437
7099
909
3355
4480
4796
5734
6118
6119
2991
3869
6980
4767
4956
4957
4958
4960
3783
3988
5493
6262
7419
5629
7420
6504
2689
4498
5994
4798
4921
2152
4969
5762
5274
7341
3151
1066
1603
2202
3509
3600
5180
5331
5761
6120
7130
1036
72
1506
3071
3072
1569
2825
2859
3438
6552
4939
5605
1373
3595
1148
1551
2026
2625
2994
3073
555
159
158
684
1333
1423
1689
1794
1967
1990
2020
2153
2154
2470
2477
2688
3165
3886
3916
4005
4208
4306
4582
4611
4725
5514
6121
6122
6123
6124
7472
1490
5529
1186
1510
2571
3153
3074
3076
3075
3189
6125
6729
7161
4786
4805
73
7515
4970
4816
5440
6850
7421
6678
5903
1862
3941
687
1096
1114
1117
1119
1120
1387
1388
1389
1390
1477
630
628
627
626
886
518
997
992
686
871
813
1097
1115
1116
1118
1293
1294
1295
1296
1383
1384
1385
1386
1391
1478
1479
1583
1660
2092
4414
5416
5441
5442
5443
5891
6126
6495
2996
3650
5926
2203
1187
3439
4349
1339
2399
2997
6332
6787
6771
4244
6285
5213
2042
6331
556
982
699
1188
2576
3250
5910
6469
6507
6891
7422
7646
4425
5173
2027
6042
5460
4812
5002
5318
5806
5011
5710
888
2334
3472
4907
3975
4157
5029
5839
7350
7423
4557
5017
5995
5195
313
88
1350
6860
160
995
1129
2474
2690
2966
3989
4484
4583
5044
5133
5207
5676
6127
6625
7226
7233
980
1252
1369
1552
1734
2396
2450
2691
3243
3357
3440
3441
3442
3443
3488
3576
4576
4765
5656
6128
6496
3836
5996
772
779
3491
5892
7607
5877
5190
4673
2526
2528
1141
1087
3644
4784
5038
557
161
700
3474
5902
5997
6553
1277
3997
677
1864
418
370
2895
1663
1863
1959
2035
2205
2345
2577
2694
2873
3502
3077
3191
3444
3601
4704
4706
4838
5304
5455
5512
5595
5814
6748
6917
7247
1553
1914
1356
229
862
2155
2961
2698
7079
1504
1297
2697
1005
4365
1521
6839
6627
89
1505
5058
6733
395
7313
2103
6893
5400
4824
2517
371
1955
922
2824
162
1658
1865
1950
3358
4175
4602
4897
5444
5445
6631
5115
2696
2578
4527
4845
5264
5721
7071
7251
7278
2963
4489
163
1866
2803
2157
2692
3768
3860
4561
5045
5401
5479
5791
5893
6129
6981
3469
5920
3799
5140
5004
6770
1352
4735
3745
2527
543
1661
987
784
1954
2962
3271
7424
763
531
513
494
493
492
491
490
489
488
461
436
428
421
420
417
372
314
269
268
1025
1024
1034
233
232
231
230
921
1012
1033
678
692
693
714
1023
747
750
764
765
766
767
768
769
771
774
775
776
777
778
811
865
1062
1189
1244
1245
1246
1522
1314
1315
1324
1338
1344
1607
1541
1616
1624
1697
1662
1672
1673
1674
1675
1676
1677
1678
1679
1756
1780
1826
1867
1868
1915
2015
2016
2017
2038
2039
2054
2055
2056
2057
2058
2053
2087
2088
2095
2096
2097
2098
2207
2810
2313
2314
2453
2509
2695
3506
2964
2965
3078
3082
3083
3084
3085
3086
3081
3080
3079
3324
3329
3359
3383
3384
3385
3386
3387
3388
3493
3494
3495
3496
3548
3562
3568
3581
3582
3584
3645
3652
3670
3675
3687
3691
3698
3782
4037
4081
4125
4210
4242
4257
4426
4445
4497
4499
4504
4507
4513
4514
4516
4517
4730
4731
4736
4738
4745
4747
4827
4852
5075
5081
5177
5251
5306
5330
5338
5446
5607
5717
5718
5770
5841
5928
5998
5999
6130
6237
6238
6239
6240
6377
6389
6517
6888
6905
6925
6943
6944
6945
6982
6983
7076
7126
7145
7203
7215
7216
7425
7426
7477
7490
7500
7605
7609
7613
315
715
1735
4252
5071
7345
7084
2854
3492
3654
6929
7149
2102
6899
5050
2158
380
3232
5374
1554
5638
4396
4511
4904
1355
3617
5386
2535
4279
3446
3841
1278
2702
4790
5082
5842
373
2335
701
2437
3447
5690
5917
6131
7292
608
1647
2415
4312
4589
1830
2160
6589
7353
4617
7427
532
437
164
95
716
1040
1143
2420
2705
2707
2970
3395
4182
4750
4931
5024
5329
5447
5503
5536
5746
6474
6753
6903
6989
7358
680
2511
4495
7726
558
2004
2860
3574
3575
4995
6361
5327
4034
6482
6576
7317
1963
1279
1367
1961
2704
3504
3256
3261
3602
3680
5145
5723
5728
6341
7106
7243
462
6987
559
438
983
5262
6928
7428
1969
3519
1070
2700
4428
4573
5237
5947
5959
6522
316
96
3242
4542
6988
7602
7683
7684
7637
4791
4716
5603
3529
1342
6737
4697
6847
7150
5473
3445
4278
6984
318
317
923
1761
2503
2579
4592
6023
6343
833
3225
1099
1869
2005
2458
2969
2972
3293
3449
4149
4768
4919
4967
4979
5668
6012
6257
6342
6573
6872
6985
7489
2701
681
1426
1491
1934
6467
1787
4357
1190
2973
6256
3360
6776
1707
2580
4160
4427
7132
1043
1191
4089
165
2394
2623
2699
2967
2971
3283
4070
4091
4167
4443
5843
7496
7517
560
319
3205
1316
2830
2706
3450
3972
3979
4079
4097
4180
4185
4205
4228
4572
4661
5116
5552
6628
7146
7166
7320
3899
463
374
166
97
702
1192
1327
1408
1708
2069
2208
2209
2455
3087
3088
3451
3678
3825
4662
4711
5097
5186
5214
5218
5311
5550
5973
6384
6880
6939
6986
7065
7098
7429
679
7309
3677
4397
4429
5111
5155
5244
5878
6572
7331
3803
5909
3173
734
1555
1596
1870
2211
2212
2213
2581
3265
2582
167
4387
6718
3996
4568
5625
5125
6132
168
1126
2075
3448
4198
4509
4529
4540
4599
4616
5341
5655
5958
6133
6513
7205
7518
1900
4113
1512
4694
2583
2351
7362
597
596
595
593
585
561
1903
169
924
2891
976
1006
735
827
1193
1194
1281
1307
1405
1556
1694
1871
1978
1996
2215
2216
2348
2386
2387
2427
2446
2447
2462
2801
2708
2974
3043
3050
3299
3330
3538
3831
4398
4759
4797
5291
5590
5614
5670
5703
5729
5844
5971
6000
6001
6135
6136
6303
6340
6347
6393
6414
6435
6483
6539
6563
6574
6810
6886
6889
7141
7143
7466
7610
7644
7709
611
3174
950
880
951
327
326
325
324
323
322
321
320
1011
815
881
882
1195
1499
1253
1254
1511
1626
1664
2161
2162
2344
2504
3227
3501
3588
3937
3978
4003
4007
4013
4021
4049
4053
4057
4071
4072
4087
4107
4124
4129
4171
4188
4216
4234
4246
4290
4399
4430
4431
4459
4562
4653
4657
4918
4953
5043
5212
5221
5300
5307
5692
5940
5975
6134
6251
6304
6492
6645
6665
6883
6894
6991
7144
7169
7240
7290
7337
7486
7647
534
533
328
4643
2975
883
3497
5334
1371
1415
3244
5756
6272
3567
329
170
2449
3976
4099
4101
2811
7629
6519
2285
4301
6990
7332
3706
3266
495
780
5127
4785
3543
4814
5845
580
579
4642
1298
2163
5782
2164
1282
1513
1537
2584
3834
4453
5464
6895
7430
5174
5507
1122
2615
7230
1528
1872
3326
6002
5816
1346
964
3020
5764
6328
562
3206
1196
6137
5210
1971
4247
1357
3361
6436
171
3985
6897
563
829
2473
3241
4696
565
564
519
440
439
397
396
955
335
334
333
332
908
907
906
174
173
172
696
1060
1133
1144
1147
1241
1299
1300
1427
1485
1492
1557
1610
1683
1709
1736
1737
1762
1763
1779
2021
3214
2298
3284
3316
3589
3604
3643
3649
3942
3981
3993
4026
4032
4039
4066
4400
4667
4669
4678
4754
5716
6019
6034
6650
6653
6664
7165
7204
7212
6569
1124
3362
6296
3452
3573
6502
1301
6433
1452
6439
2080
566
535
496
466
465
464
180
179
178
177
176
175
102
101
3152
770
1139
1283
1329
1595
1627
1636
1665
1940
2077
2113
2812
2312
2709
3089
3091
3143
3498
3661
3688
3906
3945
4015
4137
4218
4388
4737
5121
5146
5626
5768
5846
5847
6138
6364
6458
6510
6538
6699
7284
7431
7432
7433
7611
682
2422
7249
3528
2585
3956
4261
1284
6294
5039
509
2586
2587
2976
5693
4112
2710
3021
241
3175
5397
3363
3540
6518
5063
4201
1785
806
1197
5694
7675
1359
5594
5848
5849
5074
1873
4289
6139
1198
3263
4571
4783
4815
4840
5411
5925
6247
6741
6992
1199
2908
2588
4415
6906
3029
1200
1942
5713
6003
6593
832
2028
2319
4849
5287
398
441
2404
2875
5252
2217
1937
3826
7279
4751
970
567
1030
103
695
1019
870
1237
1063
1051
1326
1558
2835
2834
1648
1654
1788
2166
2375
2448
2589
2713
3092
3619
3717
4340
4404
4920
5072
5530
5540
5565
5583
5753
6274
6306
6372
6417
6457
6470
6476
6523
6740
6749
7280
4204
2855
2861
6308
4936
2712
3891
7110
1201
5470
5733
2086
5456
5906
4433
7650
1515
2411
3176
5398
5850
6041
7651
242
4774
5282
2711
3863
5719
5003
6814
7129
1559
1941
6816
948
1594
2245
2307
2485
2606
2719
2981
3376
3541
4702
5158
5511
5732
5942
7690
7691
887
1696
2105
2820
2978
2979
6021
6478
6142
6486
2289
1202
6994
1951
7568
1497
1067
1203
1958
1960
2590
3272
5302
5448
5727
7268
7378
7379
2167
4608
4434
2714
7436
3697
4879
1560
5465
7633
7618
1204
2715
2716
5229
7697
2078
7728
1205
1874
2591
3236
3633
3971
4025
4126
4435
4436
4655
4820
4828
4990
5114
5575
6004
6140
6744
7064
7207
896
3769
2718
4531
5699
6317
7357
1544
6316
7714
6581
5544
1764
1933
2890
2911
3364
4437
5393
6993
3626
1046
1738
2299
5462
7606
3707
6449
649
537
536
443
442
183
936
703
874
1310
1313
1364
1457
1458
1593
1621
1710
1789
1824
1875
1876
2000
2823
2074
2300
2347
2357
2358
2362
2363
2364
2366
2367
2424
2430
2433
2466
2717
2882
2909
2910
3320
3453
3456
3457
3458
3459
3534
3910
4284
4359
4380
4383
4386
4469
4621
4826
4830
5001
5135
5156
5187
5231
5278
5574
5577
5592
5593
5615
5651
5695
5775
5908
6141
6314
6344
6420
6438
6479
6499
6525
6562
6873
6927
7081
7270
7311
7326
7339
7437
7630
7659
7678
2395
3603
6447
5652
6708
2316
3377
5457
5905
704
3554
5714
3150
1579
7155
2722
2723
4134
4173
4739
4857
4993
5449
5475
5643
5821
5825
6397
6739
1206
5078
1207
2321
3672
5468
6803
6907
7519
5412
6143
4721
2322
637
834
3796
7438
5924
6408
376
738
1018
1605
2218
2219
2220
2465
3708
5373
6745
1916
993
641
1255
3216
2224
3461
4062
4128
4155
4851
4865
4886
5224
5796
5822
5899
5956
6636
6658
6791
7199
7302
399
184
1433
1739
1981
2390
2443
2530
2721
3483
4449
4455
4781
6427
7286
7520
7686
7711
2913
185
4888
4905
5092
4189
5023
4439
7232
2029
2720
3454
3455
5558
6425
6423
3904
6592
413
2851
3460
1208
3365
243
2093
1561
4709
4847
4962
2109
3757
4763
5337
5407
7521
582
942
1997
2071
2724
3477
5606
6321
6345
7380
2241
2605
2977
3095
3097
3096
5325
1719
2912
4264
6773
7702
1403
2336
2410
3273
3995
4008
4011
4631
5543
2246
6730
6995
2864
5256
5794
4972
1565
5895
7239
5408
1680
4575
6716
4321
650
1047
6485
651
568
338
337
336
977
697
1111
1132
1138
1209
1360
1374
1375
1486
1525
1656
1740
1795
2079
2082
2094
2168
2171
2170
2169
2308
2727
2728
2730
2729
2914
2915
2917
3207
3274
3314
3315
3399
3400
3777
3828
3864
4220
4237
4524
4546
4590
4680
5046
5047
5417
5421
5450
5490
5510
5749
5879
5880
6144
6145
6146
6225
6231
6497
6660
6673
6996
6997
6998
6999
7000
7170
7183
7222
7235
7281
7295
7366
7522
4810
5634
2172
2225
3036
1256
4074
7104
5485
4875
3277
6750
2320
4813
1210
2173
2726
2916
3044
4199
4233
5367
7187
1257
4141
5118
7308
7439
1318
4503
499
1240
2174
3855
4926
4932
5242
5433
1877
6934
3049
4460
4874
6312
6460
2508
6242
3218
2846
4807
7283
1302
1625
2725
4641
2821
3642
6221
4707
2731
3632
3709
5730
5497
6147
7001
4963
5313
3797
6267
5451
3850
7523
1258
1644
6282
7524
5382
5423
6913
1089
105
2438
2489
5666
795
4356
3758
3753
5569
5702
4405
5290
5751
2536
1509
1211
1562
4345
5790
7184
7664
1259
7163
5335
6325
6568
1502
5009
7075
7121
6148
3370
1563
538
1917
1928
2030
2175
3035
3390
3611
3612
3616
3804
5851
6149
7095
7139
7325
7381
400
186
3221
1212
1878
2407
2413
2732
2733
2734
3016
3598
3905
4193
4348
4478
4788
4941
4951
4980
5219
5241
5641
5766
6512
7441
7525
1432
3311
3367
4843
3366
7575
603
975
653
652
990
812
1392
1480
1482
1741
1742
1743
2309
7576
1493
3759
1428
6150
2735
5586
5328
5737
6782
7122
7333
7012
4795
1213
5585
5682
3017
5051
5458
7168
6558
3517
4701
6297
598
589
1214
2435
2441
3774
3773
4778
6543
7685
3463
4291
6151
614
613
612
570
569
498
497
447
446
445
410
402
401
344
343
341
340
339
199
198
197
196
195
194
193
192
191
190
189
188
187
996
705
898
808
954
953
873
1109
1121
1243
1303
1304
1439
1440
1481
1483
1487
1798
1797
1799
1800
1801
1901
1968
2076
2176
2179
2178
2177
2310
7159
2736
2737
2740
2741
2742
2743
2744
2745
2746
2747
2748
2749
2750
2751
2752
2753
2754
2739
2755
3000
3007
3008
3009
3010
3011
3012
3013
3014
3015
3005
3004
3003
3002
3001
3328
3591
3775
3770
3795
3817
3829
3830
3832
3845
3888
3909
3911
3924
3974
4012
4018
4033
4044
4046
4055
4063
4135
4138
4310
4327
4331
4416
4530
4547
4551
4556
4560
4579
4595
4600
4615
4640
4645
4646
4648
4650
4651
4665
4687
4722
4728
4978
5419
5422
5429
5487
5489
5750
6024
6152
6153
6154
6155
6156
6157
6158
6159
6160
6161
6162
6163
6229
6263
6290
6613
6615
6618
6637
6644
6649
6659
6668
7002
7003
7004
7005
7006
7007
7008
7009
7010
7011
7167
7180
7185
7191
7195
7200
7211
7217
7287
7289
7303
7478
7482
7492
7498
7526
7527
7528
7529
7530
7531
1796
7440
1998
7649
7676
2870
3368
3369
3965
4406
4620
4656
7266
7269
6551
1879
2247
2756
2757
3627
3763
3791
3821
5080
5193
6164
6302
1695
2242
2452
5731
7467
7717
7237
5247
1880
2758
3767
4458
6542
6544
7724
3918
6440
1994
5297
5342
1404
1442
1444
1446
6166
624
623
1441
1443
1445
3285
4195
4895
5852
2101
2114
3681
6362
7462
4603
2180
2520
3286
4771
5747
1501
1829
2629
6503
5250
6326
1349
345
6488
6005
2227
4894
1215
3154
7068
516
467
1056
448
403
348
347
204
203
202
201
200
717
718
868
1216
1260
1261
1262
1526
1586
1744
2019
2839
3213
3290
2290
2374
3098
3099
3101
3100
3946
4000
4016
4051
4076
4077
4088
4106
4164
4191
4213
4248
4341
4663
5068
5069
5384
5426
5481
5500
6396
6444
6626
6640
6646
6662
6682
6720
6815
7013
7174
7442
7483
7493
7654
1039
468
912
858
3102
3103
4486
5303
235
707
2918
2022
3625
3462
5425
7718
205
1358
6165
6006
899
1325
1975
2326
4212
4713
6020
2031
404
1668
3711
4866
3925
4401
5099
5739
1669
3700
3037
6842
206
872
7103
968
944
2781
7665
5106
1711
4555
3790
3854
3881
6277
3193
4973
6728
6831
2248
3958
1103
3489
3520
3689
4024
4360
5881
5882
1104
5032
5191
2592
4073
1396
6508
2836
2338
5548
6529
6852
662
927
928
930
1905
1136
1137
1395
1398
1400
1448
1449
1450
1451
1469
1470
1494
1904
1691
1720
1721
1770
1771
1802
1806
1805
1809
1808
1807
1906
1908
2301
2302
2342
2341
2343
2763
2778
2777
2776
2775
2774
2773
2772
2771
2770
2769
2768
2767
2766
2765
2920
2921
2922
2924
2923
2927
2929
2928
3198
3199
3201
3202
3200
3484
3485
3486
3669
3772
3762
3786
3801
3805
3810
3811
3819
3823
3824
3827
3837
3847
3852
3857
3865
3867
3868
3882
3892
3894
3897
3903
3919
3923
4269
4271
4273
4281
4282
4283
4322
4326
4330
4533
4534
4553
4564
4565
4566
4574
4578
4586
4588
4591
4593
4596
4604
4606
4607
4632
4633
4634
4635
4676
4982
4991
5488
5518
5520
5521
5522
5523
5711
5807
5982
6035
6168
6169
6170
6171
6172
6173
6174
6175
6176
6177
6178
6179
6180
6181
6182
6183
6184
6185
6186
6187
6188
6189
6190
6191
6616
6617
6622
6623
6642
6655
6657
6663
6666
6698
6701
6727
6743
6790
6798
6859
7017
7018
7019
7020
7021
7022
7023
7024
7025
7026
7027
7028
7029
7030
7031
7162
7164
7171
7172
7175
7176
7178
7206
7208
7218
7231
7236
7532
7533
7534
7535
7536
7537
7538
7539
6468
6717
3878
5012
7015
7365
5129
7540
2249
602
830
1412
1992
2003
2816
5904
7670
1035
236
2228
2621
4821
5347
5376
5780
6007
2181
1026
1328
1334
2182
2183
2593
2863
3268
3287
3592
3693
3721
4105
5084
6018
7114
7133
989
1090
4333
6582
544
1745
5348
7639
7668
634
476
1918
3663
4121
5202
5434
1263
5288
5389
6273
1930
2106
2804
5596
6368
7693
3986
965
1101
2533
4407
5016
5792
5883
6298
6921
6922
113
1564
2184
5591
5623
3027
112
1305
2613
2759
3104
3190
3288
3464
3660
5015
5248
5257
5275
5689
5950
6010
6269
6329
6416
6570
6918
6919
6920
6932
7619
7636
7681
545
520
426
207
114
1340
1514
1765
1881
1882
2008
2185
2760
3291
3306
3507
3508
3510
3511
3512
4300
4324
4623
4698
5254
5332
5559
5697
5725
5793
6167
6248
6299
6812
7083
7108
7127
7242
7245
5260
5610
3235
3969
6338
349
1409
3694
4029
4238
5324
7179
7291
7480
6930
504
503
502
501
500
1028
2036
2186
2324
1009
708
2368
2869
4671
5622
6271
512
1057
956
351
350
913
709
710
856
2827
2826
1781
1957
3105
3970
4104
4111
4151
4190
4206
4219
4229
4255
4438
4927
5056
5060
5220
5580
6629
6635
7014
7107
7182
7219
1508
1429
4508
4168
5704
5743
4309
3276
5978
1949
5198
2930
2762
2626
6632
1810
2761
4258
5927
7016
7456
7541
1749
1752
1753
1754
1755
1751
7571
1883
2250
6430
2630
5865
664
655
1102
1105
1107
1110
1397
1399
1447
1750
5712
6036
7577
1687
3157
1401
1402
643
929
3219
1772
1773
2809
2442
2496
2499
2919
2925
2926
3275
3303
3530
3535
3542
3665
3779
3761
3806
3822
4260
4266
4352
4361
4390
4466
4536
4549
4727
4755
5484
5495
5498
5669
5707
5934
6039
6045
6192
6193
7032
7033
7034
7035
7036
7124
7542
7543
7572
2251
4844
5263
2403
3578
1393
6363
7623
2252
5103
6319
245
3523
2296
4917
5090
6833
546
405
900
1072
1655
2392
3389
3465
3613
4961
5098
5427
6455
2327
4302
6908
352
1015
4187
3371
2329
5977
469
3106
209
208
1488
2782
4325
4916
6287
7544
7722
5403
5383
3466
6690
4776
6843
2325
5736
4683
365
246
1394
1884
2594
2880
3149
3139
3140
3546
4194
4294
5663
6355
7632
5201
5392
6533
5482
6276
4639
3778
7037
1609
1716
2063
3379
4984
6783
5117
5123
6795
7468
2270
5979
6203
4067
3814
3859
2487
3223
4446
6731
2937
1885
4095
7340
5525
3870
3813
5035
5233
539
4787
7608
5234
419
2187
6356
414
353
719
1049
1519
2382
2595
2596
2862
4154
5008
5087
5611
6194
6431
631
210
1431
1516
1746
3289
4744
5269
6300
6359
6360
6527
6534
7476
2188
6028
449
406
3555
4519
656
6481
657
619
618
616
2840
2384
2856
2866
2883
2884
5581
5599
5628
6370
6378
6394
6401
6411
6452
6461
7314
7674
222
118
4627
658
632
621
620
1599
1902
573
572
547
515
514
507
506
474
473
472
471
470
450
423
411
379
378
357
356
355
354
915
914
3475
220
219
216
215
214
213
212
211
117
116
115
966
984
1007
3476
3033
745
1020
788
1571
1069
1091
1092
1142
1217
1218
1219
1220
1221
1222
1223
1503
1264
1322
3031
1345
1598
1366
1406
1529
1530
1698
1622
2831
1684
1712
1766
1767
1783
1886
1887
1889
1888
1919
1952
1953
1962
2001
2023
2032
2033
2043
2044
2047
3034
2089
2100
2107
2229
2230
2233
2234
2235
2236
3208
2323
2479
2783
2787
2786
2785
2871
2936
3107
3119
3120
3121
3122
3123
3124
3115
3114
3113
3112
3111
3110
3109
3108
3194
3195
3238
3295
3317
3372
3402
3467
3468
3565
3571
3609
3620
3674
3809
3818
3861
3922
3957
3991
4017
4019
4031
4054
4065
4100
4110
4116
4119
4130
4249
4254
4295
4402
4462
4481
4482
4483
4515
4613
4644
4658
4685
4793
4839
4861
4933
4945
4965
4966
4992
4996
5000
5048
5049
5197
5200
5320
5346
5418
5528
5535
5632
5679
5685
5701
5758
5853
5854
5855
5856
5894
5955
6195
6196
6197
6198
6199
6200
6201
6202
6226
6315
6333
6405
6434
6484
6545
6571
6588
6590
6732
6736
6786
6799
6802
6808
6874
6931
7038
7039
7040
7041
7470
7069
7112
7160
7138
7177
7189
7193
7201
7202
7246
7250
7252
7315
7321
7329
7330
7336
7349
7444
7445
7446
7447
7448
7449
7479
7484
7487
7617
7621
7634
7643
7658
7696
7712
7721
366
5091
5929
284
3842
625
599
574
451
412
885
285
958
247
967
720
2800
1572
1135
1265
1332
1434
1471
1619
1774
1999
2084
2117
3209
2254
2255
2288
2805
2391
3160
2419
2456
2505
2515
2788
2789
2817
2892
2931
2934
2933
2932
3147
3307
3327
3401
3499
3710
3718
3776
3807
3898
3987
4030
4060
4108
4136
4166
4203
4259
4320
4417
4471
4479
4502
4548
4554
4587
4612
4636
4638
4664
4689
4740
4762
4766
5073
5076
5154
5161
5162
5166
5380
5387
5524
5526
5644
5645
5658
5660
5765
5784
5867
5911
5931
5938
5983
6014
6016
6026
6204
6205
6206
6207
6258
6638
6661
6685
6861
7158
7157
7156
7173
7192
7214
7552
4343
4944
6208
6209
6288
6689
6763
6915
7042
7043
7545
5459
3226
5014
5188
6726
6742
2018
3374
3380
2867
3840
5534
5564
6220
6284
6318
6323
6354
6451
7363
6029
2790
4688
6228
7324
5160
5208
7275
2523
7153
1920
4042
4253
5057
7457
6498
4243
7044
5646
6008
7228
5027
2237
359
358
5787
890
3726
5028
6769
6768
407
2837
3833
6264
4197
5059
5281
5366
5900
6671
6858
7105
7125
5969
6385
2597
6330
6767
5142
5579
5137
7720
5494
6040
1224
5227
6746
6703
583
761
2064
3196
3375
3478
3479
3480
3481
3676
3964
4628
4629
4703
4708
5315
5321
6835
7061
1893
4822
4262
3393
5720
1306
1775
1891
2872
2938
3229
5132
5818
3812
3556
3895
4267
4461
5820
511
1890
2378
3018
4948
6254
7612
7708
4045
4140
5857
2519
5136
5153
5267
3668
575
7459
2002
2868
4569
4964
4999
7113
7188
2457
6210
5467
5505
5696
6268
7546
7603
3890
3920
4538
4559
5469
6211
6212
6280
3593
6677
6684
6687
6691
6692
6705
6707
6709
6710
6711
6714
6715
7582
7586
7588
7590
7593
7595
7598
4494
7458
1892
1657
3917
5255
3846
7369
2259
7715
1266
3940
5884
6577
119
1323
2497
3158
7045
4518
1285
2238
5134
7123
2189
7354
6801
1671
7196
6311
7450
3381
7046
2940
293
5025
5152
7094
6213
5647
6038
1722
2939
4265
6772
7703
3594
5620
6367
1411
3900
6214
659
1894
2791
3961
4147
4275
4315
5126
5637
5767
5771
6680
6723
6757
6780
6818
6821
7047
7048
7049
7050
7460
7547
386
1127
1414
2439
2490
3168
3248
4775
4896
4928
5365
5667
6541
6824
6837
7297
7716
869
4382
5013
4899
2793
932
972
1098
4303
5170
6215
6216
7051
3926
5021
5211
5399
5757
935
120
4058
6383
6654
6844
6352
223
121
1527
5163
2428
2451
6339
6881
1343
2599
660
2073
2792
3304
4856
5885
2941
5951
4679
3712
4614
6217
7382
1895
5378
7723
576
5584
4225
3298
248
1225
1786
2260
2491
3155
2795
3820
4334
4389
4447
4451
4544
5130
5185
5192
5245
5476
5812
6218
6540
6560
6561
6700
6804
6807
6829
6846
6868
7152
7190
5183
7055
5648
2311
6265
7052
5957
2303
5858
5474
3664
224
938
2896
1061
1226
1286
1713
1768
1814
2796
3487
3876
4307
4752
4770
5258
5538
5808
5809
5886
6404
7054
7073
7625
4472
5516
2943
4432
5268
1570
577
7548
622
6845
2942
4332
7707
4971
6643
2190
2885
1029
122
5619
2191
3780
6909
1227
3212
6785
5859
5860
1792
5759
7109
6762
7053
5752
7056
663
286
1128
1418
2502
2794
4148
4276
4316
4521
5355
5508
5773
5828
6681
6758
6819
6822
6825
6838
7057
7058
7059
7060
7305
7469
7553
3962
4501
5589
5102
5546
5801
6639
7502
