5751
8645
5495
9016
7766
3532
5474
8518
8519
5610
1305
1574
1618
2972
3398
4093
4989
5000
5043
5500
5501
5722
5985
6424
6622
7113
8012
8013
8014
8431
8437
8897
3218
3716
8175
4088
8517
927
505
487
1884
445
1886
8902
8904
8909
2940
3638
5349
1530
1908
8015
5454
5977
1622
8016
8833
3585
5453
3570
544
4764
5231
6735
24
6226
1047
2335
6658
261
2372
1969
2941
3717
5161
5978
6098
6279
5308
410
1432
3718
3719
7831
8022
8459
8602
4529
7585
8536
5439
8131
2222
4084
2006
5384
9033
1965
526
6736
3720
2245
2365
5502
8290
1306
2263
5097
3185
4696
4734
5393
5899
6556
7235
8136
8295
8979
8068
4258
8770
8943
725
3721
1200
4287
6737
7832
8462
8834
1791
1833
2187
3013
3061
3561
3584
3601
3646
3647
4086
4096
4097
4099
4101
4277
4624
4835
4952
4962
4983
5005
5009
5699
5715
5749
5750
6000
6006
6072
6181
6182
6241
6353
6514
6606
6738
6739
6740
6741
6742
6996
7011
7463
7470
7833
7834
7835
7836
7837
8835
4085
4087
4089
4090
4091
4092
4094
4095
4098
4100
4102
4103
5001
5624
5653
5712
5741
5755
5756
5790
6743
6744
6745
6746
6747
6748
6749
6750
6751
7838
8836
8837
8838
7100
400
2874
3067
3628
7592
3313
3184
1307
6762
706
545
399
31
30
27
26
796
916
917
987
1138
1141
1260
1261
1616
1674
1699
1709
1710
1947
2037
2038
2113
2168
2338
2339
2376
2378
2379
2538
2574
2581
2620
2624
2929
2848
2849
2851
2850
2886
2959
3059
3082
3202
3183
3215
3269
3281
3596
3722
3723
3724
3725
3726
3727
3728
4117
4118
4119
4256
4273
4548
4573
4575
4668
4707
4755
4763
4769
4842
4876
4959
4970
5238
5256
5305
5382
5465
5654
5655
6040
6472
6475
6528
6558
6653
6659
6763
6764
7013
7461
7471
7473
7515
7523
7618
7774
7775
8030
8491
8832
9032
9067
7264
6190
25
5158
3219
5248
7376
3220
453
5202
6312
1301
8033
1308
113
5508
5007
6104
7704
674
424
411
317
2616
29
797
810
838
1101
1194
1275
1309
2375
2623
3083
3283
3467
3635
3729
3730
3731
4107
4108
4109
4110
4111
4112
4113
4213
4323
4362
4531
4570
4956
5035
5135
5210
5214
5341
5656
6752
6753
6754
6755
7633
7643
7839
8256
8684
8693
8839
8840
5630
8458
5828
8721
3088
546
928
450
28
1426
1430
2065
3694
3732
4120
4122
5285
5506
5511
7161
7304
7321
7375
7407
8688
3733
7427
4856
282
7309
5070
1528
3734
509
3422
5499
5510
8475
8967
9010
7164
3297
8312
7343
547
1310
486
454
292
34
930
1311
2557
3089
4246
4821
4931
5012
5209
5504
7599
7813
8061
8282
8494
9060
3016
2537
548
316
2526
964
32
900
931
2784
1144
1256
1312
1484
1651
1910
2028
2128
2225
2373
2374
2569
2600
2619
2622
2626
2942
3040
3090
3091
3092
3093
3094
3278
3339
3510
3586
3683
3685
3735
3736
3737
4104
4106
4248
4301
4308
4724
4738
4783
4799
4814
4837
4885
5031
5048
5143
5162
5182
5390
5399
5491
5503
5505
5507
5657
5675
5796
5835
5891
6008
6041
6122
6123
6124
6545
6582
6756
6757
6758
7660
7706
7707
7840
7841
7842
7843
8277
8285
8516
8411
8799
8841
381
2617
1313
2193
2877
3043
3349
4850
6020
6125
6568
6759
7844
1503
5640
3738
549
1272
1296
1545
1745
1754
2139
2243
2625
4893
7234
7608
1071
1273
1314
2172
2177
2380
2991
3354
3589
6031
7505
2621
449
3616
3701
6460
7086
7611
1940
8537
283
8529
2602
203
1238
2935
3739
4325
5304
5578
6201
6760
8407
483
2627
3740
4105
5509
6196
8291
1089
1675
2276
2618
3221
3741
4121
6383
8961
6761
5949
5490
5513
4115
5785
6765
6766
7198
8395
8711
2968
5006
6385
8636
9053
4329
1125
6981
8619
4116
8554
689
2021
2176
2793
4114
5157
5813
7602
7845
8552
8565
8964
9058
5020
2204
2966
1161
1163
1162
1165
1164
1172
8321
8333
4976
7387
5512
5793
4380
4958
8824
115
2861
4995
7273
8592
9012
550
5145
7137
4807
7035
8423
7678
8797
7563
3095
4123
7557
8962
8404
2005
5742
1507
2003
1202
3742
8195
551
499
899
1233
2124
2207
8155
2577
2930
3743
4351
4563
4686
4739
5120
6311
6516
6767
7262
7378
7846
8332
8588
8642
8842
8939
1774
3187
8921
4963
7056
116
1054
1055
2381
2382
3648
4242
4418
4942
5243
7598
7781
8401
1491
6512
2723
5317
7102
1264
7848
1538
8050
1263
2961
8825
3346
206
1056
1058
3545
3744
3745
3746
3747
3748
3749
4243
4419
4943
5658
5821
7847
455
5472
7214
2002
6718
440
3096
5496
6285
6439
7803
3351
6270
1683
2070
284
1212
2300
9063
8409
1766
6299
6382
35
1975
2887
6419
6429
7034
8279
6191
8307
4967
2383
197
4124
4249
7166
8083
8053
8056
36
2724
1575
7849
4125
1763
3188
1834
1921
3468
3750
4887
7082
7405
7768
8286
1678
1316
4932
5515
8493
693
988
2086
2586
3456
3566
3752
5556
6413
6768
7825
9044
6607
4723
5514
3751
5705
7679
3753
8106
1797
2148
2719
2720
2945
3322
4126
4127
4128
4663
4974
5244
5489
5516
6342
6411
6416
6769
7572
7850
7851
7852
8345
8442
9021
9031
3006
3009
4661
8982
2725
4621
8233
3446
1901
1783
2722
3305
5148
5340
5517
5641
5737
5826
6192
6193
6284
6770
7016
7325
7327
7408
7798
8631
8807
3186
2721
6771
1315
6355
5518
6047
5375
456
2852
552
2384
2986
4130
4131
4133
4383
4609
4866
5042
5263
5351
5744
6058
6531
6572
6772
6986
7130
8427
8782
688
4986
8646
1689
7384
4923
6289
1676
4136
3637
6373
5102
781
4924
4993
7644
7723
8169
8771
986
3754
3755
3024
1546
5730
4797
4925
4618
5370
7306
859
3434
6654
6236
6858
7853
8662
4701
870
5972
8584
8605
8936
6157
2371
5435
1317
7500
4420
3756
3757
4134
5126
2206
371
370
369
1243
1265
1730
2613
1976
1979
2107
2385
3549
2629
2630
3498
3758
3759
3760
3761
4132
4530
4674
4729
5334
5418
5423
5880
5893
5903
5934
5950
6238
6327
6346
6374
6523
6619
6773
6774
6775
6776
6974
6998
7369
7381
7412
7492
7529
7782
7783
8567
8941
2628
7784
2386
3325
5747
372
368
1731
3591
6194
7854
8898
7456
4129
7855
2130
4385
8596
2580
5023
5519
7330
5299
539
3645
2060
8539
7516
4421
849
874
2595
2768
4555
5268
5966
6001
6056
6067
6195
6777
7524
3762
3763
4779
5118
5922
6161
1190
7385
684
1258
2234
2907
3097
3290
3293
3764
3765
5098
5982
7159
7291
7409
7494
8722
665
961
263
1215
5853
7268
5520
7331
5283
1319
8316
8331
8342
8359
401
8060
207
1074
1478
3766
3767
3768
4422
542
2902
4860
6778
6779
6780
6859
6860
6862
6863
6864
7857
7197
1318
5701
5769
7512
7538
678
553
1944
1968
2053
3769
5112
5311
5618
5619
5642
5709
7205
7308
7313
7429
7537
7555
7856
8346
8920
4536
2605
4352
4137
4083
3641
7785
554
780
1079
2159
3389
6454
891
2171
3709
8723
3222
2585
7401
1708
5805
5771
7211
8322
2633
3223
3592
6202
7769
1045
726
555
1488
2813
2210
2320
2387
3098
3465
3568
3771
3772
6496
6542
7141
7163
7173
7797
8511
8634
2240
951
266
1259
1320
1437
2814
2816
2817
2789
2815
3421
5521
5754
6086
6170
7530
7589
7700
7701
7770
520
965
1817
2254
2255
8035
8663
2034
7688
7697
7698
2597
2632
2631
3189
3355
6435
6861
7281
4557
502
498
497
208
6268
6408
6422
6432
6433
6437
1321
4631
2714
9035
6616
4622
5659
8278
7724
4349
727
556
3388
5203
6237
6406
7201
7319
3516
4824
2256
2398
2820
6272
7810
1175
3224
6660
39
2946
4343
4792
6609
8446
1483
3773
8528
7736
697
696
209
4632
5149
3644
7715
3099
5330
957
1102
1438
1322
2592
2906
8712
4179
4538
5944
1323
1496
5323
5901
7438
7521
5331
5581
6334
729
728
557
320
319
37
1324
1855
1939
1989
2061
2388
2947
2948
3509
3774
3775
3776
3777
3778
3779
3780
3781
4688
4691
4966
5288
5332
5839
6509
6524
6781
7496
8167
4180
5553
7539
467
852
4909
7139
3373
6037
1325
558
8496
3449
7333
2149
7858
5961
6081
4208
7382
210
2331
5962
3517
3518
7150
559
1781
3100
8632
534
318
185
1902
157
49
1234
1327
1421
1522
1627
1752
2219
2698
3073
3302
3331
3396
3782
4344
4491
5328
5759
5780
7057
7859
7860
8196
8808
8843
485
4743
7048
8091
4485
1549
3783
4210
4340
306
7546
6782
4818
5524
5782
4469
7695
4470
560
1577
1934
180
5856
7861
2156
8649
941
2334
4229
158
4718
4840
561
321
1328
2169
5523
6783
1463
2803
6784
1203
1536
8589
179
1769
7735
4554
3032
5700
905
2391
3409
3575
4427
5433
6014
6592
6645
6785
4209
2568
4307
4345
4744
3455
711
562
441
425
262
43
38
823
853
1022
1615
1692
1815
2355
2389
2693
3029
3275
3486
3666
3691
3784
3785
4972
5440
5476
5563
5748
5963
5964
6471
6729
6786
7032
7210
7307
7737
8142
8364
8378
8724
8978
3419
8949
1433
887
4900
7280
1854
4321
3382
3384
8223
5525
211
1889
1887
1888
4635
1540
1619
4858
5194
5195
5217
6399
6407
6409
6410
6418
6491
7393
7582
8952
1329
2390
3280
4626
7289
563
382
1640
1977
2692
2774
2780
3330
3786
4235
4600
4627
4892
5402
5527
5873
6090
6414
6787
6982
7020
7862
8599
8626
8689
3714
945
3225
5368
730
3787
4795
6497
6788
2068
3688
3703
1800
4878
7195
8538
1949
3274
3496
6003
7146
7153
2394
3788
8096
5222
1863
8137
7080
7399
3789
5449
192
7686
2908
2571
3790
7027
4437
1330
1721
731
322
791
1188
1625
1720
2004
2116
2138
2144
2251
2392
2393
2588
2689
2888
3101
3102
3303
3321
3791
4337
4551
4782
4794
4836
5032
5050
5471
5660
5814
5879
6011
6073
6091
6290
7437
8727
2212
3405
2539
4879
7312
2211
5003
323
7863
8931
1626
5868
3689
5924
894
2257
2884
4507
5800
6445
6605
6789
7147
7202
7299
7406
7575
8603
8938
8966
9039
3103
1086
2690
6208
6215
8535
8522
663
7549
2228
8803
1600
2147
3792
3793
8726
732
258
154
966
6790
7620
8227
8257
5522
5783
564
2933
3649
7370
2777
2395
4368
5803
5676
7169
8383
902
8700
7802
9018
42
6092
6565
7222
7709
6297
661
44
958
3520
4231
4409
6093
8212
7550
7551
8725
7241
733
565
325
324
45
860
1599
1610
1973
2049
2052
3104
3105
4314
4479
4689
4846
5057
5206
5213
5431
5432
5459
5485
5745
5746
5890
6205
6392
6585
6661
6791
7258
7300
7389
7570
7607
7864
8108
8253
8269
8590
8823
8900
383
1331
1816
2542
2553
2716
2853
4224
4440
4499
4509
5735
6018
6317
6494
6792
6793
7286
7867
8357
8372
8844
8845
9056
8095
2223
484
48
46
989
991
990
1043
1155
1257
1332
1584
1667
1698
1715
1719
1718
1717
1716
2022
2054
2158
2566
2587
2715
2718
2949
3012
3226
3300
3571
3794
3795
8159
4289
4316
4341
4346
4376
4466
4547
4591
4646
4948
5054
5136
5156
5404
5631
5792
5817
5906
5931
6094
6095
6197
6204
6315
6555
6608
6794
6795
6985
7238
7404
7534
7564
7655
7710
7865
8270
8351
8379
8391
8445
8474
8478
8728
8809
8963
8965
9015
9068
2867
3686
682
159
50
1016
1189
2064
2109
2761
3074
3075
5147
5428
5475
6662
8448
276
2258
668
1204
3400
3578
7354
3106
4295
7237
8560
6796
8444
566
5829
6055
6598
7000
7087
47
892
1017
1044
1333
1334
1476
1570
1671
2909
3289
3525
4740
5345
5632
5703
6797
8801
2717
5852
5954
3107
6798
9048
831
2396
7734
2140
4545
8397
4331
7733
7675
5166
8326
326
2397
5526
7586
2150
5409
7601
7869
3227
5167
212
7866
2030
4810
5137
5661
6349
7088
1335
1623
1990
2226
2950
6799
2934
7421
7434
2951
7218
7432
41
7353
1218
907
2464
4431
5336
6646
504
503
373
1159
1169
1168
1179
1266
1458
1465
1466
1722
1724
1723
1986
1992
1991
2943
2944
2952
2953
3199
3500
3502
3504
3506
4297
5662
5071
5072
3204
3604
4636
5339
1726
567
409
408
285
1103
1205
1494
2099
2114
2259
2261
2260
2463
3423
4424
5408
5975
5984
6492
6518
6561
6597
6800
7221
7276
7315
7372
7526
8461
8707
9069
6210
281
568
538
523
386
385
384
915
924
1104
1700
8162
2711
2762
3076
3077
3206
3667
3675
3796
4211
4283
4396
4438
4549
4736
4973
5002
5270
5294
5562
5643
5663
6066
6084
6096
6239
6243
6340
6356
6469
6486
6488
6563
6801
6802
6803
6804
6805
7058
7495
7870
7871
8654
8749
8846
8847
1993
513
327
69
967
1023
2462
2710
4521
6806
7868
8848
2609
4518
7684
4245
6097
3108
3371
1922
5183
7603
657
160
1206
1336
5066
7052
9046
1870
2461
7823
2695
307
2694
5907
7719
904
6015
6593
6663
8574
7115
7443
6231
265
3797
3798
5180
5620
3708
1963
4335
2696
7400
4291
4886
213
1911
6251
6375
7208
1245
3488
3643
3799
8571
1861
51
716
3381
2399
7584
7430
5529
1136
3629
4367
7872
5027
7138
3698
5366
1207
3336
3800
4716
7316
4523
7873
328
3541
1146
3490
7167
1980
2697
654
1027
3109
1974
1191
8350
1955
6664
8622
8047
3110
5864
8219
8551
5706
3801
2367
3377
6665
569
7750
3802
6099
7525
1790
3312
5037
5664
5702
5841
6221
6807
7155
8578
8937
3803
5122
2363
1759
8899
4218
4971
7814
3393
4978
6631
3551
329
4637
712
125
827
2805
1439
2262
2860
4996
5458
6666
7275
8591
9013
8521
3580
5611
5612
5877
8972
4399
1581
3228
570
3562
5456
2351
2936
2400
4259
6079
3229
8086
1440
1469
1543
6100
7536
3394
6269
8027
901
3804
4823
5898
5915
1544
3198
5691
52
3111
3112
5871
5895
5955
7209
7450
3676
7749
3078
800
1185
1276
1337
3805
4576
4780
6101
6294
7720
6667
7190
8252
5477
6984
1835
4462
5537
6566
6590
7878
7689
7690
717
687
572
571
521
330
801
2890
1156
1192
1208
1244
1274
1602
1810
2029
2170
2401
4236
2686
2688
3068
3114
3806
3807
3808
3809
3810
4601
4728
4760
4781
4921
4954
5018
5300
5426
5693
5777
5999
6102
6487
6808
6809
7059
7501
7874
7875
7876
8177
8220
8733
8817
2184
2242
3115
3116
3230
3402
4459
5260
5411
6051
6283
4374
5172
6211
734
574
573
419
277
161
288
287
286
55
54
53
897
968
992
1040
1072
1133
1338
1441
1566
1578
1782
2806
1951
1985
2074
2096
2115
2122
2264
2265
2402
2404
2405
2406
3301
3450
3454
3469
3605
3699
3700
3812
4328
4415
4447
4458
4657
4666
4745
4998
5047
5197
5677
5734
5772
5892
6434
6452
6499
6810
7078
7089
7231
7266
7422
7594
7725
8747
8750
8970
3521
8430
3231
3344
4454
4581
4881
7260
1193
2359
3334
3813
3814
8568
1509
1793
1912
1913
2009
2088
2131
2687
2864
2885
3003
3117
3590
3650
3815
3816
3817
3818
3819
3820
3821
4260
4539
4713
4796
4926
5169
5178
5208
5846
5919
5946
6811
7019
7283
7411
7651
7880
8110
8288
8317
8744
8821
8828
8849
8901
7229
4505
3822
5532
6525
7255
7746
3823
387
2594
2997
3824
4585
4700
5306
5859
6085
6103
6402
6421
6527
7051
7279
7293
7380
7554
8624
8922
9019
2543
3392
5295
6275
7285
8017
8158
7040
4269
5473
6427
7588
5387
6230
1836
4463
5538
6567
6591
7879
8315
215
884
1805
1890
4638
3118
7877
308
1621
2998
7033
1105
6308
1735
2027
8562
3119
7120
7194
7528
575
331
871
1504
3232
3491
3825
3826
4927
5425
6624
6812
5665
8480
3196
6291
7247
8088
9071
8850
6387
532
4474
576
3120
7158
8558
9050
5058
4302
8170
735
1339
4502
5363
6232
8241
3652
3121
3233
3343
7742
2685
5542
6668
7713
5296
7189
7532
7596
736
2857
692
4408
4859
4940
6813
8327
1442
1277
6730
6975
7090
8614
8641
807
2080
3234
5373
5235
6814
8851
4319
3358
3458
3827
5361
5787
7881
8251
2266
3010
737
577
388
3552
2683
2868
3122
3235
3828
4225
4416
4647
5762
5992
6061
6477
6815
6987
7125
7188
7477
7882
7883
8200
8434
8783
8852
8853
8968
9024
2267
993
2791
8390
8740
2559
1780
3123
3829
8025
5287
3005
3830
5865
5155
333
216
926
1891
3335
3403
4639
8280
7252
1195
3831
5170
1267
3308
8826
3832
8284
3328
6816
738
5030
5067
7739
7271
659
2407
3833
5481
2415
8543
390
1340
5886
5776
272
3680
8289
4304
1684
7808
480
334
332
217
70
1123
1278
2408
2598
2682
2969
3538
3632
4221
4556
4770
5218
5531
5716
5781
6106
6578
6579
6580
6817
7049
7587
8276
535
389
218
912
913
1525
1607
1617
2926
1750
2111
2112
2409
2414
2413
2412
2411
2410
2680
2681
3033
3124
3292
3298
3507
3654
3834
3835
3836
3837
3838
3839
3840
3841
3842
4506
4564
4590
4596
4935
4994
5008
5150
5312
5324
5333
5392
5613
5614
5621
5937
6069
6107
6108
6262
6384
6395
6405
6412
6548
6549
6553
6714
6722
6818
7060
7396
7415
7886
7887
7888
7889
8206
8222
8375
8820
8854
8855
4359
6109
2040
4904
578
198
889
1015
1094
2927
2268
2269
3193
3595
3843
3844
3845
4311
4800
5666
6669
6670
7180
7342
7826
9017
579
969
1098
6671
7203
7246
8046
8746
1246
8154
3125
3846
3847
7558
672
970
7885
7489
1653
3236
4480
5154
8915
1583
3492
289
580
3279
7328
8073
7884
4857
581
2416
3482
7497
4477
3848
4929
582
57
56
806
1342
1892
3126
4452
4514
4537
5822
6110
7894
8152
8595
4897
5021
6672
3237
3127
1938
6629
2208
2996
5541
5832
4640
219
1893
4641
5644
6313
7556
3238
1341
683
1343
1550
6673
6819
7134
7154
7817
8476
8950
6820
8546
290
2270
8731
718
249
220
1760
1871
2081
2271
2273
2272
3128
3333
3849
3850
5189
5190
6111
6604
6821
7227
7791
8679
8793
8987
3063
854
855
7061
58
1982
2678
3338
4964
5427
5862
6112
6113
6404
6822
7890
8392
8093
3851
2954
3273
7091
8466
1514
6357
434
1493
8822
1639
3129
8569
1567
2567
5335
5346
1344
2679
1477
8525
2801
8490
6823
4240
4465
4679
7511
7793
7795
583
8947
8994
8294
7055
7183
5144
3852
5881
7446
8439
8612
2596
8382
1279
8324
2797
1729
2418
4361
6114
7403
8708
584
515
391
802
847
877
920
994
1235
1268
1490
1654
1660
1661
1662
1657
1656
1655
1837
2091
8156
2420
2426
2425
2424
2423
2422
2421
2552
2675
2677
2676
2881
2892
3048
3079
3288
3470
3574
3853
3854
3855
3856
4232
4255
4270
4350
4364
4410
4413
4446
4486
4517
4550
4665
4712
4758
4798
4806
4968
5119
5125
5164
5192
5219
5281
5371
5381
5391
5571
5688
5983
6046
6115
6116
6117
6118
6119
6120
6121
6247
6300
6559
6602
6715
6723
6824
6825
6826
6827
6828
6829
7001
7449
7635
7666
7895
7896
7897
8181
8187
8325
8657
8659
8696
8735
8739
8748
8752
8796
8806
8856
3531
2561
2417
1345
1576
1801
2135
2875
2973
3361
3399
4405
4987
4999
5040
5528
5544
5723
5986
7112
7891
7892
7893
8432
8438
8857
7371
248
412
404
132
3324
4525
6326
585
1690
3130
7126
7296
7573
2858
4450
1838
59
3441
6538
6540
9023
1725
337
3350
3391
3461
5554
6830
7898
4960
7899
3583
7318
8618
4238
7007
7117
8400
1878
2527
5731
7047
7118
3668
739
713
586
541
519
340
339
338
336
335
199
740
875
876
971
995
1113
1119
1139
1443
1506
1516
1517
1770
1894
1895
2165
2528
3615
3655
3857
3858
3859
3860
3861
3862
3863
5086
5099
5110
5116
5124
5284
6376
7664
7726
8242
8729
8737
8827
1346
3864
4473
4512
5467
7206
3412
6831
1505
2274
2419
2564
3865
4262
4370
4615
5026
8531
8182
3413
6546
3367
6088
2051
1347
1778
2183
2083
3047
3131
7900
5970
3606
5667
5668
8556
6832
4898
5870
2123
4268
250
6209
8492
8028
7676
8194
7901
3866
2897
6296
6674
2866
474
2105
3132
5093
6337
4706
587
510
394
792
1772
1824
2132
2190
2194
2427
2428
2429
2667
2673
2674
2764
2878
2981
2987
3044
3133
3867
4597
4610
4692
4730
4746
4771
4811
4851
4867
5105
5250
5264
5276
5318
5683
6021
6059
6126
6244
6442
6457
6532
6569
6573
6613
6833
6834
6835
6836
6837
6988
7029
7030
7031
7132
7484
7604
7606
7743
7786
7787
7788
8018
8019
8020
8021
8234
8669
8674
8713
8741
8784
8798
856
3607
477
828
1967
4916
6393
8168
8903
741
3868
3869
3870
3871
785
811
1209
1348
2043
2430
2670
3872
4787
5430
5480
5775
6089
6255
6333
6377
6838
7445
7904
8237
8858
588
341
742
743
910
1126
1247
2808
1349
2807
2345
2579
2582
2604
2671
3411
3483
3489
3613
3621
3873
4305
6314
6632
6839
6978
7249
7363
7552
7721
7902
8126
8686
8701
6675
6676
6717
7665
6249
914
3239
3357
4216
4278
4435
7410
7574
8271
8608
1350
269
972
2082
2094
2095
6599
7014
7288
7397
7073
6127
589
393
392
3569
5808
5810
5811
6394
7193
7244
7339
7744
8094
8919
2039
2668
4353
6295
7028
7903
9059
7174
4219
1351
2431
7349
4603
4825
6501
7105
7344
7358
8261
8638
8973
9002
5533
7165
3874
3875
590
1236
1237
1352
1744
1862
4492
5424
5530
5809
6128
7519
7818
8069
8218
8489
8627
3134
1872
3711
2570
7294
3876
6840
8570
6841
2669
3476
342
1176
6842
4899
5819
8501
2329
591
5389
7475
6719
6552
5732
655
1013
1093
1297
1429
1541
1551
2804
2066
2078
2275
3670
2863
2999
3135
3477
3617
3618
4894
4905
5535
5569
5827
6129
6350
6843
7037
7076
7175
7583
7694
8074
8572
8714
9076
5910
6677
4407
808
3598
2121
7759
8905
184
1762
3240
5358
6844
7431
8709
8393
592
973
6070
8463
974
4765
2666
4227
4766
4790
1776
4682
5100
3136
6225
1196
5160
6845
6574
6678
6679
3137
2323
1239
6273
3271
7905
182
3514
3877
1765
2232
3878
3879
4250
4339
4534
5016
5429
5543
6846
6847
7906
8540
3241
662
744
809
1435
2277
2278
3064
3588
4360
5198
5239
5470
6213
7390
7703
8044
9066
5645
6293
1589
7811
7741
6318
3522
5646
3466
468
996
2063
2279
3210
6456
6529
7472
7758
6543
3208
5540
1761
6431
3487
6358
3397
2965
5488
5719
71
1353
2035
3356
594
593
531
395
812
835
837
867
869
1149
1152
1210
1269
1270
1293
1552
1554
1553
1747
2126
2154
2181
2182
2229
2231
2434
2435
2661
2662
2663
3550
2855
2918
2919
2970
3002
3295
3296
3306
3484
3608
4263
4680
4683
4708
4735
4832
5051
5176
5255
5376
5377
5388
5405
5561
5752
5878
6012
6033
6036
6130
6131
6248
6288
6320
6322
6323
6330
6347
6586
6600
6621
6848
6849
6850
6851
6852
6853
7436
7452
7464
7482
7488
7909
8299
8323
8859
6627
7907
595
457
1470
1475
2118
5493
5940
6854
7071
8082
8710
8830
4613
2280
1354
7207
2073
5397
8586
2362
2433
2665
714
3669
343
1025
1903
1555
3508
6401
7414
2436
2988
2333
4982
5457
7908
5920
163
5369
6306
1711
3880
719
596
79
829
830
861
975
2058
2241
2432
2782
3424
3656
3881
4386
4481
4625
4791
4919
5004
5338
5743
6855
7379
8790
597
3138
6448
1248
1594
6087
7740
222
1019
2084
2281
2578
3471
8347
8452
8615
9029
252
60
1923
2230
2590
3364
4936
5560
6359
7018
7483
7487
516
1300
1355
2349
3712
5469
6278
8250
3408
5138
5301
6680
6681
8418
2664
6025
3882
1462
1356
3378
5380
7257
2601
5131
9045
7172
598
745
1633
1794
1829
2341
2747
2869
3553
3139
3883
4226
4417
4648
5763
5993
6062
6478
6856
6989
7127
7187
7478
7911
7912
8201
8435
8860
8861
9025
720
6132
8550
8499
722
3140
3141
5374
6042
7314
9040
8732
3142
6133
3884
3885
6617
7812
3612
7753
5884
1631
6134
6082
4471
7580
8929
4747
1645
2660
3886
4330
5930
6360
6388
8953
9000
5842
6135
746
1502
2103
2120
2659
3055
4366
4513
5918
6302
6612
7223
7282
7295
7545
7747
8254
8682
8930
9008
1873
8365
888
4324
694
421
1092
7311
9022
7395
7910
291
4493
4902
2932
3191
3242
439
166
5443
540
2282
4719
4841
779
7819
9042
599
1357
1924
5309
5917
6332
6403
7757
8995
2224
4425
1839
1856
6620
7122
1242
1358
2746
2870
4280
4693
7457
7702
458
2809
2069
2551
8944
9011
721
310
309
135
134
72
73
74
1851
1852
1864
1865
1866
2283
2748
2910
3625
3710
4980
5539
5836
5897
6240
6328
6339
6463
7079
7243
7320
8597
8616
8715
8745
8977
5445
3452
3375
8320
1606
469
6136
9073
8153
3211
2437
1130
2370
4298
4432
4843
5823
5909
6440
7600
7718
7756
1460
1994
4247
4990
7152
7362
7388
1180
895
8087
872
1359
2214
2438
3042
4239
4616
4984
6588
7008
7913
3440
452
600
2876
6242
2045
7121
1850
1612
8927
1271
225
747
824
1360
1527
1582
1586
1641
1673
2284
3887
3888
4369
5181
5437
5816
6389
7506
8862
9052
6857
6361
6362
2743
7145
7301
748
5801
4472
7581
658
448
447
155
137
80
786
813
814
815
816
883
1067
1106
1107
1120
1792
1808
1840
1925
2529
2530
2572
3080
3657
3658
4642
5615
5622
5625
5633
5634
601
4526
200
7631
4757
2285
3011
1053
3019
5689
5987
7915
8263
8265
6309
8465
4433
602
3889
5046
7336
1906
1809
3480
6682
7292
8176
8292
4844
7566
7341
8144
1100
2361
715
1042
1090
1184
1874
2286
2744
5207
7751
7755
1280
3475
3890
1613
1941
2368
3143
5791
8928
4490
138
1444
2106
3034
1361
7178
8245
3243
7804
7914
670
3664
1028
1171
1481
5468
7577
1611
5857
5024
8555
3891
4915
5074
6076
6683
255
6009
7531
686
680
603
470
443
195
75
76
937
1069
1241
2810
1513
1853
2160
2441
2440
3037
3387
3404
3600
4488
4522
4710
4720
5669
5690
5797
6865
7254
8413
8984
9051
2350
9047
4947
5271
5795
7092
8564
8906
2783
4992
169
525
514
228
140
61
1363
1362
1364
1436
1595
1952
2142
2287
2288
2439
2443
2740
3438
3640
3892
4261
4300
4423
4434
4726
4906
5130
5714
5739
6365
6866
7462
7542
8414
8503
8581
8738
8863
3383
3453
6216
7754
8293
1026
1365
1771
3144
3244
6867
7270
2442
5486
77
8412
4320
5833
407
294
293
63
2205
3145
6010
7277
7287
7727
8960
3893
4228
8743
3245
3451
1197
2166
3594
6446
3547
5840
5912
6983
7377
7540
9072
999
7317
3057
3352
1177
605
524
1132
3192
4333
5442
7036
7653
7687
8864
1088
1485
906
6016
6594
8575
3894
3895
4778
7621
4845
8451
8573
5479
7219
1702
8751
3146
3147
7806
695
1081
1211
1984
2076
2611
3572
4233
5400
6137
7236
7502
7738
7748
8045
8993
2603
3896
4527
4669
7338
6386
698
681
677
671
530
479
478
4217
348
347
346
345
344
230
78
787
839
879
880
921
976
997
998
1033
1157
1511
1520
1524
1531
1592
1686
1691
1693
1694
1820
1828
1841
1926
1956
1959
1995
1996
2007
2019
2023
2025
2024
2089
2163
2178
2185
2198
2233
8161
2444
2445
2448
2447
2446
2541
2730
2731
2735
2732
2742
2794
2795
2893
2920
2955
2980
2994
3050
3056
3060
3070
3081
3246
3529
3534
3542
3559
3563
3567
3599
3897
3898
3899
3900
3901
3902
3903
3904
3905
3906
3907
4215
4222
4230
4393
4395
4426
4443
4445
4448
4476
4483
4496
4533
4540
4574
4582
4617
4645
4667
4697
4702
4704
4715
4725
4864
4873
4951
4977
5083
5085
5096
5257
5274
5290
5395
5567
5570
5575
5623
5635
6868
6869
6870
6871
6872
7062
7423
7428
7433
7616
7638
7728
7918
7919
7920
7921
7922
8174
8216
8697
8794
8810
8813
8865
8866
8867
5844
4759
6684
4628
7213
2937
7518
3366
5422
2741
7157
1294
1366
6873
7114
8502
6473
170
3528
606
297
296
295
1445
1508
2152
2608
5273
5482
5678
5938
6489
7081
7097
7424
8362
8621
8644
9006
4673
7250
4220
5286
8076
3272
2041
4945
7716
7916
8259
8945
9070
9077
6685
656
7925
1367
3679
6874
7324
8246
3908
536
472
435
299
193
298
749
1031
1283
2811
1696
2098
2546
3348
3370
3481
3909
3910
3911
3912
3913
3914
3915
3916
3917
3918
3919
3920
3921
4439
4484
4930
5113
5292
5438
6140
6310
6391
6875
6999
7225
7416
7926
8147
8410
8687
8814
8907
8910
9030
5053
7917
6876
4412
427
264
64
8057
3707
5094
6551
7140
8361
1962
2738
2771
5313
6224
7233
8275
8651
8795
8917
608
607
350
349
750
1000
1198
1368
1369
1370
1480
1482
1501
1593
1596
1703
1907
2008
2011
2012
2137
2145
2197
2450
2451
2453
2452
2575
2589
2591
2736
2737
2767
2790
3149
3150
3151
3576
3579
3687
3702
3922
3923
3924
3925
4348
4430
4495
4515
4838
5049
5232
5249
5261
5314
5325
5558
5576
5579
5626
5830
5847
6002
6141
6142
6368
6583
6647
6877
6973
7671
7923
7924
8736
5416
5174
6217
6521
9001
2739
4520
5726
8868
7123
3315
609
1556
2036
2449
3018
3152
3926
4290
4453
4461
4614
4826
5277
5549
5718
5908
6026
6303
7820
8309
8497
8678
8869
8924
8985
9034
3927
3928
6143
459
1249
6686
3929
5014
2787
2289
7553
300
4516
6261
9041
4839
8541
3673
65
1927
8523
6878
8072
8338
8477
8587
8734
405
6879
7691
8306
5289
610
438
436
977
1046
1082
1070
1428
1875
2085
2155
2290
2292
2291
2454
2726
3212
3311
3704
4389
4391
5738
5824
6144
6254
6265
6455
7927
7928
8213
8353
8396
8576
8613
1371
2456
4604
4827
6502
7106
7345
7350
7359
8262
8639
8974
8988
9003
862
5401
5889
7156
5812
181
2293
3930
1446
6880
3217
8600
2606
6687
7269
1021
460
5956
3155
461
66
7745
3430
274
1867
2294
2295
3931
4789
8548
1515
1372
416
1471
2856
7212
7383
7790
4354
5205
826
2781
511
396
1373
1825
2133
2191
2195
2457
2459
2458
2727
2728
2729
2765
2879
2989
3045
3153
4528
3932
4394
4392
4398
4406
4436
4455
4482
4498
4504
4598
4611
4694
4731
4748
4772
4812
4852
4868
5106
5251
5265
5278
5319
5329
5352
6145
6533
6570
6575
6614
6990
7131
7485
8235
8670
8675
8742
8785
6039
8870
423
3154
3385
3445
5420
8328
3247
7326
1001
5441
7625
6688
5028
2100
351
143
3439
3464
3933
5452
7929
8495
8559
8871
3515
6881
1526
67
2343
8145
8150
1473
2862
7568
7595
8563
7507
1474
3156
8702
3248
664
611
473
144
301
68
751
942
955
1002
1020
1183
1813
1860
1983
2000
2296
2298
2297
3214
3697
4334
4912
4985
5220
5240
5913
5932
6733
6882
7752
8151
6146
1468
2179
2238
3934
4503
7699
8527
2299
2455
1018
2079
3627
4306
4310
6724
462
3935
3936
2573
6351
8062
8983
7673
5315
6147
2460
3495
4767
863
8730
6441
2925
3417
5534
1374
1127
1933
6341
1521
3069
8872
1510
5193
8370
9037
7474
8607
5360
1950
2713
4643
5670
3493
3678
437
1614
2360
4257
4774
2167
3593
3436
7652
145
2346
3249
5139
1375
817
5869
7002
909
2712
6883
866
8422
5421
4299
3190
5545
5697
5799
5866
5969
6547
7656
8441
1914
2636
5757
1376
4605
4828
6503
7107
7346
7351
7360
8512
1948
4705
3304
3937
3318
6490
8811
1869
4737
81
2635
3250
4138
5721
6884
8059
6380
2634
3414
7103
8450
8753
3329
5291
8959
194
183
5498
8031
8034
8048
8049
2911
4313
6885
7042
7181
1377
1798
527
3326
1632
6173
6174
2769
1827
4869
6534
6887
7514
8358
8425
8428
8510
3401
2465
3938
5707
5858
8421
9065
7142
5875
7771
2983
8232
2104
3939
7931
3157
5367
5935
7541
8424
3251
6886
7760
3407
2067
7039
699
6233
4140
5236
7670
612
4871
8037
7124
4378
723
667
1378
2812
1746
1946
2075
2301
2303
2302
3158
3340
3513
3692
4733
5165
5175
5379
5687
6148
6508
7419
8084
8981
82
2637
7298
3610
4390
7610
8070
8090
8092
8097
8098
8099
8102
8103
8104
8107
8109
8111
8113
8114
8115
8117
8118
8120
8121
8123
8124
8125
8127
8128
8129
8130
8132
8133
8134
8139
8925
7044
7046
6464
6535
4965
5417
1003
4870
8514
7821
2236
3314
3940
6888
613
4139
5546
5547
8873
529
528
522
7930
7513
83
3459
8244
8791
2369
5434
374
1609
6890
7576
1379
4184
4690
501
500
496
146
84
85
788
798
803
850
851
881
882
919
922
1004
1108
1142
1143
1199
1220
1219
1222
1223
1224
1225
1226
1227
1228
1229
1230
1221
1597
1603
1620
1624
1739
1743
1742
1741
1740
1811
1928
1936
1957
1961
2467
2468
2474
2475
2476
2477
2478
2473
2472
2471
2470
2469
2704
2706
2705
2707
2708
2709
2912
3282
3307
3320
3620
4185
4186
4187
4188
4189
4190
4191
4192
4193
4194
4195
4196
4543
4558
4566
4567
4572
4578
4584
4756
4761
4955
4981
5010
5019
5033
5038
5103
5121
5123
5129
5297
5354
5466
5773
5778
5786
6891
6892
6893
6894
6895
6896
6897
6898
7063
7614
7617
7622
7640
7667
7672
7729
7933
7934
7935
7936
7937
7938
7939
7940
7941
7942
8178
8185
8191
8221
8229
8874
8875
8520
3374
614
352
752
1634
1795
1830
2749
2871
3159
3554
3941
4181
4182
4649
4652
5764
5991
6063
6476
6889
6991
7128
7186
7479
7932
8202
8436
8786
8876
8877
9026
615
2358
463
8449
857
962
1085
8071
5394
5679
6219
5011
1751
3633
6149
6526
7305
7677
8781
675
464
417
753
893
1024
1128
1492
7253
1585
3160
3195
3642
3942
3943
4183
4251
4282
4303
4653
4660
4741
4890
5062
5359
5818
6325
6444
6470
7239
7261
7807
8217
8998
8160
5888
5695
616
8101
4568
5463
7682
1121
3944
7215
6689
8532
5460
6030
86
2466
2562
5245
5583
7003
5163
8755
3945
8029
7943
5680
5692
617
2304
5461
5302
8660
7413
5186
3706
935
6227
7944
3000
5548
618
5055
4589
4884
5942
6150
6336
8526
6899
7947
5582
5221
1881
1882
1883
1880
236
1879
3380
1590
4524
4535
5280
5802
6004
148
7054
9055
1173
3161
896
6301
7761
8415
353
1380
1635
1796
1831
2481
2752
2872
3162
3252
3410
3555
3577
3946
3947
4223
4414
4428
4429
4650
5765
5994
6479
6992
7185
7480
8203
1284
5815
2480
7162
3443
5798
2093
3948
7946
754
619
512
196
793
943
1773
1826
2055
2134
2192
2196
2479
2583
2750
2751
2766
2792
2880
2982
2990
3046
3163
4241
4384
4397
4402
4404
4451
4475
4497
4612
4732
4749
4773
4813
4853
4872
4953
4988
5029
5041
5107
5252
5266
5279
5320
5684
5758
5849
6023
6060
6151
6245
6459
6536
6571
6576
6615
6900
6901
6902
6903
6993
7133
7486
7605
7693
7945
7948
7949
7950
8040
8112
8122
8671
8676
8754
8787
8804
7226
4358
6175
3205
8916
7951
8772
1135
1668
1749
5216
6484
7772
7828
7952
7953
8078
8274
8318
8482
415
6277
5761
6905
8703
6906
6557
3949
8997
87
620
313
1178
1455
6071
7571
3257
7074
7956
5415
8380
1250
2763
3253
3526
3950
4751
5187
5585
5671
5894
6690
7217
7228
7248
7297
9078
2059
2638
4347
4561
4862
5017
6259
6691
7548
7799
7954
8055
8698
8756
8992
9038
4949
311
149
953
1573
1932
3362
4143
4332
4371
4907
6731
7099
8077
2213
3406
2090
7578
7809
172
1213
4606
6554
7355
7609
3254
6904
5636
3255
3368
3428
9020
5945
7322
1587
4141
7955
5584
1381
1972
2558
2931
3164
3256
3951
4785
4847
4849
5403
5863
6080
6256
6260
6541
7023
7196
7251
7418
7762
8063
8247
8958
9061
4675
960
1080
2071
7204
8141
8405
8940
4659
5013
5462
2483
4142
825
8561
2344
1904
5637
88
2485
3270
6152
2482
3952
6976
8190
2484
3065
4144
1382
151
1383
375
3653
3953
5146
418
890
1859
4145
7773
8913
673
2974
3954
2563
3955
5586
7093
2607
7168
4373
5587
4593
5326
7085
5365
3435
3956
4148
190
1295
2357
3347
3427
5327
7958
8314
8329
8343
8403
1876
8831
1818
7367
8426
6038
5141
621
1384
2347
2938
4244
6725
7711
9074
7043
8036
8119
7696
956
7303
7712
8604
7111
1385
1285
1605
1644
1646
1649
1648
1647
4146
5588
6214
6692
6693
6907
6908
8039
8281
8625
5068
7104
7420
5590
6648
5647
8609
7192
5227
2802
4284
4865
6564
7272
6694
2859
1386
2593
2913
8716
3523
1387
3015
4834
7805
3203
5446
475
153
152
755
756
757
758
1160
1685
2305
2486
2914
3319
3433
3544
3957
3958
3959
3960
3961
3962
3963
3964
3965
3966
3967
3968
3969
3970
3971
4147
4322
4365
4602
4788
5089
5092
5117
5362
5589
5837
6212
7368
8166
8186
8240
8248
8249
8460
8664
8692
8812
8815
8818
7612
7544
7763
818
2639
2903
5729
6495
8757
6171
1389
5228
6345
7957
6732
7009
7116
8399
9054
4265
3258
8419
4149
4979
1388
2487
4607
4829
6504
7108
7348
7352
7361
8260
8640
8975
9004
6909
243
2489
5959
623
1390
622
1049
2200
2215
2547
2977
3020
3025
3462
4151
4559
4676
5550
5770
5988
6027
6176
6481
6910
7508
7964
8264
3463
5064
5069
5073
5075
5076
5077
5078
5079
5080
6644
6623
6625
6626
6628
6633
6634
6635
6637
6638
6639
6640
6641
6642
6643
6651
6652
6655
4911
3442
2962
5616
8680
707
3259
4754
7072
7101
1034
952
7630
1519
6451
7722
6657
7591
8789
5450
6695
8549
414
5981
6286
1842
9043
5355
3972
4266
5933
8976
2640
7619
1251
2348
3041
3165
3684
3705
4815
5184
7398
8080
354
3310
7038
7068
7959
8704
8705
7961
6343
3395
8171
2488
3429
8308
5436
4920
705
1557
1558
3207
3425
4150
4888
6726
7094
7310
8058
8371
7960
8989
7822
624
1942
2203
2641
4684
4687
4877
4913
5779
6075
6177
6264
6911
6912
6913
7069
7425
7962
8335
8360
8681
8996
1391
1929
2490
2894
2900
4152
4552
5727
6914
7963
8416
5591
3379
5492
5592
8513
8348
8349
4153
5593
6335
6915
5854
6447
6581
4946
4831
3548
9064
6178
8878
5565
7366
903
3973
3974
4620
5594
256
8694
4569
5464
7683
465
2556
3501
3975
4594
5789
244
759
1518
1663
1789
4197
5698
6916
466
397
1129
413
1915
5269
6468
8948
760
1392
5298
5410
5957
8193
2492
3976
6603
7337
7634
5293
4201
4619
4816
2026
2895
2901
4939
6917
7083
446
2101
4200
7267
7692
9057
4991
5597
90
1131
5419
936
481
761
3977
6425
5444
9062
2939
5372
4903
3672
6584
7182
302
1822
8566
1997
5672
6918
5887
3260
92
2491
3624
6650
2550
3317
94
1174
2975
315
2923
626
625
451
312
253
93
1560
1561
1701
1819
6263
7969
8064
8138
8759
5168
356
95
762
978
1214
1464
1843
2033
2161
2235
2753
3084
3216
3309
3416
3978
3979
3980
3981
3982
3983
4199
4315
4544
4768
4908
5025
5101
5159
5204
5316
5344
5398
5876
5896
6153
6282
6498
6511
6517
6919
6920
7340
7967
8164
8197
8243
8296
8420
8819
1393
8990
1252
1489
2904
7559
9005
7965
355
91
763
1109
1114
1182
1394
1434
1457
1971
3166
3337
3460
3537
4803
5223
5241
6154
6200
6630
6696
7021
7095
7569
7796
8610
8706
8951
1037
1579
3213
3626
4357
724
5927
7547
4317
7966
6348
8758
4387
627
533
764
765
1076
1122
1137
1608
1628
1767
1777
1799
1802
1821
1931
1943
1945
2031
2032
2173
2353
2495
2494
2545
2754
2755
2757
2758
2956
2960
3001
3167
3168
3169
3286
3582
3614
3984
3985
3986
3987
3988
3989
3990
3991
3992
3993
3994
3995
4198
4288
4336
4342
4586
4695
4727
4775
4793
5108
5200
5696
5711
5851
5916
5939
6155
6156
6329
6466
6649
6656
6921
6997
7064
7632
7968
8163
8165
8173
8180
8205
8239
8287
8298
8691
5056
4804
3996
7176
3437
4891
7590
4234
3997
4896
5595
5596
8355
2610
7179
1779
1868
3170
3479
7972
8778
2756
3998
246
245
7024
7764
8673
8717
766
1427
2306
2307
2308
2821
3715
1500
1764
2905
4801
7323
8577
2957
6698
89
4742
5952
8067
8238
3171
6697
3999
2544
2554
2854
4441
4500
4508
5736
6019
6493
6922
6923
7970
8879
8880
691
4000
7460
2898
3261
3363
4629
5867
7444
7971
1704
4511
6172
8224
8773
6467
2899
2102
6485
7973
7974
8273
8319
8483
7815
3619
8598
3681
5059
5081
7765
4861
8761
8999
3519
3651
7177
703
702
701
700
628
1087
1298
1559
1670
1858
2001
2164
2186
2199
2497
2642
2643
2995
3341
3695
4001
4698
4714
5378
5396
5483
5902
5936
5948
5953
6158
6159
6699
6700
6701
6702
6924
7265
7284
7975
8339
8760
5904
2883
4272
8041
8926
1562
1495
8617
3426
2786
5905
1960
767
5976
6562
6510
4002
3511
7143
629
398
1050
1714
2201
2216
2496
2548
2644
2645
2978
3021
3026
3172
3556
4478
4560
4592
4677
4854
5171
5253
5267
5385
5551
5720
5768
5989
5996
6028
6160
6480
6925
6926
6936
7005
7025
7509
7979
7980
8266
303
1844
5142
1395
2047
7041
402
1877
2340
6032
1935
4326
1669
1733
794
1396
3287
4381
4400
4587
6271
6305
6438
6927
7110
7356
8373
8498
8881
708
3524
5185
3457
5767
8313
2125
314
5648
2796
630
2565
2646
3085
4237
4442
4449
4460
4468
4501
4579
5321
5337
5725
5733
6179
6258
6281
6420
6928
6929
6930
6931
7650
7685
7978
8304
8330
8352
8356
8406
8408
8479
8652
8683
8774
8802
8882
631
1732
3623
3662
4355
4388
4456
4489
4917
4928
5015
6180
6324
6398
6430
6932
6933
6934
7730
7976
7977
8923
5229
6935
8557
8883
9028
1397
4157
709
186
947
1953
3014
3291
3634
4286
4910
5039
5347
5861
6052
6980
7417
7789
7981
7982
8272
8762
8884
1005
4003
5598
3478
6234
7629
8776
8777
4004
5201
7045
7517
7794
8628
2498
1447
2044
8547
304
1664
2309
2311
2310
4654
5451
6250
7278
5233
5095
5958
3360
4156
690
632
96
898
1029
1036
1099
1281
1299
1398
1534
2648
3277
3332
4005
4006
4135
4154
4155
4784
5132
5151
5237
8885
8956
275
3276
4275
4721
5140
7302
2108
7160
8637
5599
1014
5882
2647
3444
5212
5923
8553
8601
8779
8780
1399
2354
2822
3201
1115
4158
4356
4007
3674
7983
7827
5357
634
4382
5353
5600
8429
1930
1400
8954
5638
2649
7084
7731
633
508
2799
2062
6611
8542
7232
4159
7705
8052
2020
5951
2366
3072
3713
4008
6162
6703
3696
7708
1591
5414
6937
7562
8805
1572
4009
7135
8763
3173
5788
6443
8135
5199
8336
8089
3497
1147
7230
7394
9075
4285
1231
7985
6938
685
636
635
2891
3008
3049
4010
4160
4327
4863
5572
6049
6054
6183
6396
6462
6939
6940
7077
7458
7491
7624
7732
8310
7984
5350
4212
6184
4011
3039
2976
1916
4819
7171
8918
5914
1532
5234
2992
8764
1401
1402
5601
358
873
908
1403
8172
8183
8214
8236
8672
7991
5794
6941
7391
8594
979
3327
5225
5617
8544
8534
2985
191
832
833
865
868
980
1151
1170
1186
1216
1253
1254
1404
1563
1564
1569
1707
1748
2127
2500
2576
2655
2800
3294
3485
3631
4012
4013
4014
4015
4016
4017
4018
4019
4020
4021
4022
4161
4162
4681
4786
5088
5091
5177
5307
5406
5753
5806
5807
6034
6218
6321
6587
6942
6943
6944
7050
7453
7465
7615
7639
7648
7659
7990
8085
8140
8886
637
360
359
357
254
189
97
768
795
840
841
885
1217
1459
1499
1529
1642
1688
1734
1736
1987
2188
2508
2507
2506
2505
2504
2502
2650
2652
2651
2770
2971
3017
3031
3035
3053
3071
3209
3316
3503
3505
3622
4023
4024
4025
4026
4027
4028
4029
4030
4031
4032
4033
4034
4035
4036
4163
4164
4165
4276
4293
4318
4338
4546
4595
4662
4671
4709
4805
5109
5111
5152
5224
5242
5272
5564
5573
5979
5980
6005
6024
6198
6199
6206
6352
6369
6381
6515
6519
6522
6560
6945
6946
6947
6948
6949
6950
7010
7022
7065
7986
7987
7988
7989
8192
8255
8650
8792
8887
6704
7824
1917
2499
6951
4166
7216
638
769
821
982
1405
1448
1857
2077
2654
2921
3677
4037
4038
4039
4040
4041
4042
4043
5087
5090
6035
7191
1097
3262
6727
7364
7543
8417
9009
8042
5872
5947
1812
1091
1454
4777
5063
4711
6292
7776
2342
2775
7454
2653
5602
6044
639
2615
1006
1134
1423
2967
1424
1512
1604
1737
1738
1845
2097
2555
3054
3573
4044
4045
4938
5115
5282
5303
5968
6045
6057
6185
6186
6500
6513
7451
7498
7613
8334
8816
4379
6222
7777
2337
4895
5603
2364
820
7448
770
959
2531
2656
3690
5557
8148
4046
5127
8066
2312
8043
5604
175
8447
6266
2129
2313
704
102
3200
2509
2658
7374
5831
7402
6077
6078
6246
8530
178
660
643
642
641
432
305
259
103
100
99
98
939
954
1116
1406
1407
2657
2702
2823
2825
2827
2828
2824
2922
3066
4047
4562
4577
5447
5448
5685
5724
6013
6163
6267
6276
6370
7098
8143
8146
8545
8630
2511
864
1408
1568
1687
1768
3263
4048
4685
4901
5034
6544
6636
7386
7767
8065
8105
8381
1472
3512
1804
2510
6229
2136
4889
6712
7329
3038
8341
101
6450
3420
4049
8051
8398
9036
176
5226
7561
1846
4050
4051
4052
4167
5191
771
1409
8157
4053
4252
4296
6164
7714
8116
2110
3058
983
3611
4054
4055
7151
7830
1807
1461
8661
361
950
1124
1410
3602
5060
6053
6165
7476
7535
772
1095
1096
1110
1456
1981
2072
2314
5065
3418
3447
3494
4056
4253
4274
4750
4914
5580
5673
6274
6304
7015
7256
7455
7816
4057
5128
1988
8189
8283
5704
1449
644
3472
4058
963
7466
5310
6952
104
940
1847
3353
4059
4203
5188
6705
4809
3536
8583
5196
6235
3546
5843
7220
7533
4776
679
1814
4703
2515
8633
4202
1051
2315
105
3174
8149
2513
4312
5275
7004
2018
2540
3175
5061
5343
5484
5536
5885
7365
8585
8620
8643
8914
6083
8579
8986
4204
187
6953
2963
4060
2584
1598
1007
1262
1937
2514
2703
3560
4061
4542
4565
4583
5383
5577
5774
5967
7096
7778
5052
7992
7993
1756
3376
2087
2119
2141
2143
2153
2534
3036
3587
3597
4599
4656
4658
4820
5974
5998
6048
6068
6474
6550
6601
6977
6979
7467
5629
645
543
537
494
492
490
488
380
379
378
377
376
107
106
783
789
804
848
878
1009
1077
1117
1201
1287
1286
1289
1290
1292
1288
1535
1588
1601
1650
1755
1758
1757
1848
1918
1970
1998
1999
2010
2013
2016
2017
2015
2014
2532
3499
3535
5133
5134
5247
5628
6220
6728
7626
7636
7641
7646
7657
7662
7668
8054
8188
8198
8207
8211
8215
8225
8655
8665
8667
2785
5728
8305
3474
5478
8340
984
3285
7017
5153
4722
5173
3432
4377
4655
8829
1008
1497
2174
2202
2217
2533
2549
2889
2979
3004
3022
3023
3027
3028
3030
3086
3557
3565
3603
4279
4281
4292
4670
4672
4678
4699
4855
5254
5386
5552
5555
5990
5997
6029
6482
6506
6507
6537
6589
6595
7006
7012
7439
7510
7522
6050
4874
5649
362
2056
2518
3264
4950
6397
6954
6955
7200
8481
8500
2701
2328
2829
1672
476
363
834
1010
1030
1523
1638
1665
2042
2209
2218
2321
2322
2516
2599
2788
2830
3176
3359
3390
3609
3659
4168
4264
4375
4644
4802
4848
4934
5082
5322
5364
5574
5681
5825
6166
6520
7066
7075
7493
8081
8179
8374
177
267
938
1679
1681
1680
1823
2520
7335
8100
8765
8766
1479
8032
2324
929
3342
406
1467
1084
8524
1919
1695
3177
646
2316
6167
6371
7224
2332
2831
4588
4883
5943
6168
7994
4062
5605
1255
4169
5494
6316
7995
8230
4961
8402
7800
2798
422
156
1431
1450
1958
3682
4933
4937
6007
6956
7144
7245
7334
8611
8079
1411
944
2317
8533
8699
2519
507
946
3448
7527
5497
3671
1032
1412
1966
2330
5838
7442
7623
7373
822
1565
279
2318
2319
4063
3182
3543
1039
1487
2352
4922
5230
5455
5820
6390
7469
7792
4553
6957
2882
5713
5845
6307
8515
4065
7996
471
403
1232
1413
1978
2048
2146
2700
3533
3630
4064
4170
4808
5022
5413
5568
5760
6995
7435
7779
7780
7801
8075
8394
8800
8888
7290
420
2915
3564
3581
5900
518
1539
1784
2157
4066
4067
4068
4069
4880
6428
6734
8635
6706
8980
6287
2521
5874
6449
3265
4070
1422
5686
7053
1414
5606
5855
6708
7263
3345
4174
4580
4882
7259
7593
8606
4630
4717
8440
9007
5860
7597
1697
2522
2699
4918
5044
6711
7148
7447
8718
5973
4172
6169
1153
2773
4173
7136
7240
7332
7392
4171
247
842
923
3266
4997
6017
6596
6707
7274
8593
9014
3693
2151
3323
3530
4175
4176
4177
4664
4975
5262
5487
5607
6207
6400
6465
6958
7997
7998
7999
8000
8344
8443
8001
8363
6959
647
1154
4608
4830
5740
6505
7347
7357
8267
7109
5045
1964
2227
4071
4178
4875
4944
5412
5694
5708
6074
6417
6423
6530
6960
6961
6962
6963
7490
8002
8889
8890
6964
1666
648
6965
7170
7680
8297
8354
8891
8935
1727
1728
3299
4207
5639
5717
5784
5941
6187
6415
6426
6436
7560
8629
8648
8719
2917
2916
5652
9049
8377
5342
1416
1580
2993
3268
3663
4072
4294
4833
5104
5114
5627
5650
5651
5682
5710
5850
5911
5929
6257
6338
7503
7520
7681
8647
8775
6344
3365
1415
5608
8376
2326
2336
8464
2356
2779
3194
1677
7579
4309
858
2325
5804
2050
5883
8720
3062
7628
3369
649
773
1636
1832
2873
3178
3558
4073
4205
4206
4651
5766
5995
6065
6483
6966
6994
7129
7184
7481
8004
8005
8204
8433
8690
8788
8892
8893
8969
8971
9027
4969
6319
6710
8580
650
8894
433
6298
7717
8337
6461
7149
7242
949
2776
4074
4817
6577
7649
8003
8955
5960
6043
7829
1038
3639
8026
3051
5925
4075
3052
5926
8991
2189
8942
6228
2560
1111
5928
4487
8038
710
669
666
495
493
491
489
257
108
774
775
776
784
790
805
886
985
1012
1078
1118
1451
1849
1920
2162
2180
2535
2832
2833
2835
2836
2837
2838
2839
2840
2841
2842
2843
2844
2845
2846
2847
5246
7627
7637
7642
7647
7658
7663
7669
8184
8199
8208
8226
8656
8666
8668
8677
8007
8008
6720
4076
8623
2327
1417
777
1418
2117
3431
4077
4078
4079
4080
4467
4541
5356
5609
6223
6709
7468
7674
8957
4941
8209
8653
4457
1048
1954
2239
2523
2760
3180
3267
4752
4753
5921
6610
6971
6972
7067
7199
8658
8895
676
111
109
799
819
836
1112
1187
1419
1753
1785
2046
2057
2092
2524
2759
2896
2984
3007
3284
3386
3415
3473
3527
3539
3540
3636
4214
4363
4401
4411
4444
4464
4494
4519
4532
4571
4822
4957
5036
5211
5215
5258
5259
5407
5566
5674
5971
6203
6372
6453
6539
6618
6713
6716
6721
6967
6968
6969
6970
7440
7441
7459
7504
7565
7567
7645
8009
8010
8011
8258
8685
8695
8767
8768
8769
8896
7119
651
7070
2778
8023
5848
8006
1486
4254
911
112
2525
652
482
367
366
365
110
778
843
844
845
918
948
1011
1041
1052
1498
1537
1629
1803
1896
1900
1899
1898
2175
2536
3087
3660
3661
4762
5084
7026
7426
7654
7661
8228
8231
8908
2928
8582
278
4510
8912
5559
1420
5834
5965
2221
3372
3181
846
7499
4081
4623
8210
4082
2614
